      0.0142837    -0.00019299     -0.0030232    0.000264889      0.0102836    0.000132815    -0.00294869    0.000324776      0.0102835    0.000228127    -0.00227441    0.000111763      0.0102838    0.000172978    -0.00212938    0.000332875      0.0102836    0.000204568    -0.00316859     0.00157317      0.0102833    4.27343e-06    -0.00301059    0.000598444      0.0102834    0.000147232    -0.00287114    0.000354131      0.0102836   -0.000467383    -0.00297733    0.000137464    -0.00868638    -0.00953694    -0.00909637    -0.00943055    -0.00898638    -0.00892219    -0.00945394     -0.0103111    -0.00974962     -0.0102226      -0.009682    -0.00967812
    -0.00019299      0.0122067    0.000160826   -0.000372315    -0.00019298   -9.38998e-05    3.38433e-07   -0.000238757   -0.000192975   -5.13605e-05    -0.00027095   -0.000109009   -0.000192989   -6.59672e-05    9.12207e-05    5.54318e-05    -0.00019298   -0.000141192    0.000297219    3.53955e-05   -0.000192978   -0.000133791    0.000199691   -0.000215968   -0.000192977    0.000233518    0.000188578    3.55501e-05   -0.000192975    0.000160284    0.000294757   -7.04459e-05    -0.00025406    0.000550394    0.000958645    0.000189446    8.09756e-05   -3.50871e-05   -0.000430172    0.000465121     0.00082446    5.00617e-05   -8.12196e-05   -0.000153751
     -0.0030232    0.000160826      0.0208083     2.8039e-05    -0.00302317    7.72725e-05    0.000920537   -0.000165198    -0.00302314   -9.55581e-05    0.000511472    9.03991e-05    -0.00302321    2.45595e-05    0.000496743     3.5954e-05    -0.00302318   -9.25669e-05    0.000961182   -0.000519855    -0.00302306    8.91586e-05     0.00115146   -0.000445115     -0.0030231      3.233e-05     0.00109865   -0.000340318    -0.00302316    0.000251809     0.00100077    2.10689e-05      0.0024257     0.00296379     0.00265389     0.00341983     0.00226689     0.00236167     0.00252824     0.00338607     0.00298885     0.00359926     0.00235635     0.00249288
    0.000264889   -0.000372315     2.8039e-05      0.0275763    0.000264886    1.15001e-07    0.000145157    0.000147548    0.000264879    6.75734e-05    0.000116137    3.44824e-05    0.000264905     4.1505e-05   -0.000180037    0.000380571    0.000264889     3.2013e-06   -0.000295571   -0.000185769     0.00026488    -0.00011307    8.22313e-05   -9.90841e-05    0.000264881    5.31323e-05    0.000107081   -2.53162e-05    0.000264905    5.23515e-05   -0.000265445   -5.02912e-05   -0.000314714   -0.000278719   -0.000314962     0.00026455   -0.000338311    0.000412531   -0.000663983   -0.000419725    -0.00064077    0.000235699   -0.000849763    3.22194e-05
      0.0102836    -0.00019298    -0.00302317    0.000264886      0.0142835    0.000132792     -0.0029487    0.000324772      0.0102834    0.000228119    -0.00227442    0.000111741      0.0102837    0.000172991    -0.00212932    0.000332864      0.0102835     0.00020456    -0.00316855     0.00157315      0.0102832    4.26465e-06    -0.00301059    0.000598434      0.0102833    0.000147211    -0.00287113    0.000354173      0.0102835   -0.000467377    -0.00297732    0.000137415    -0.00868614    -0.00953685    -0.00909625    -0.00943065    -0.00898639    -0.00892206    -0.00945393      -0.010311    -0.00974942     -0.0102224    -0.00968193    -0.00967799
    0.000132815   -9.38998e-05    7.72725e-05    1.15001e-07    0.000132792      0.0124303   -0.000107638   -0.000333159    0.000132793    9.35568e-05    0.000111444    0.000155721    0.000132799    4.85747e-05   -9.32441e-06    0.000165305    0.000132807    0.000114967    6.70637e-05    0.000133708     0.00013282    0.000402766   -2.73377e-05   -7.11644e-05    0.000132808   -0.000333267    5.47421e-05   -0.000175785     0.00013279    5.44937e-05   -2.33635e-05    0.000133464    0.000287617    0.000836289   -0.000824822    0.000168738   -0.000212695   -0.000443962    0.000218539    0.000691243    -0.00102505   -0.000165353   -0.000369337   -0.000596893
    -0.00294869    3.38433e-07    0.000920537    0.000145157     -0.0029487   -0.000107638      0.0211259    7.31088e-05    -0.00294868    4.96411e-05     0.00127473    3.17562e-05    -0.00294872   -0.000294598    0.000178982    0.000332274     -0.0029487   -8.45862e-05    0.000635327   -0.000746346    -0.00294858   -0.000346943      0.0012097   -0.000123597    -0.00294864     0.00039915     0.00120939   -0.000350905    -0.00294867    0.000169394     0.00074837    0.000309779      0.0014772     0.00242892     0.00226672     0.00334099      0.0030819     0.00310508     0.00178817     0.00293391     0.00212045     0.00367725     0.00320717     0.00319208
    0.000324776   -0.000238757   -0.000165198    0.000147548    0.000324772   -0.000333159    7.31088e-05      0.0276257    0.000324765    7.14891e-05    0.000265082    9.62291e-05    0.000324789    5.20253e-05   -0.000174566    0.000111456    0.000324778    0.000103704   -0.000401186   -0.000113991    0.000324763   -1.71302e-05   -0.000150098    0.000180289    0.000324767   -8.70757e-05   -0.000127097    1.60382e-05    0.000324783   -0.000112076   -0.000372143     3.7896e-05    0.000219757   -0.000552889    -0.00058895   -8.47535e-05   -0.000164102    0.000278011   -0.000366444   -0.000933738    -0.00111432   -8.40175e-05   -0.000288663    0.000141391
      0.0102835   -0.000192975    -0.00302314    0.000264879      0.0102834    0.000132793    -0.00294868    0.000324765      0.0142833    0.000228115    -0.00227441    0.000111742      0.0102836    0.000172992     -0.0021293    0.000332852      0.0102834    0.000204559    -0.00316852     0.00157314      0.0102831    4.27197e-06    -0.00301056    0.000598429      0.0102832    0.000147212     -0.0028711    0.000354163      0.0102834   -0.000467372    -0.00297728    0.000137421    -0.00868603    -0.00953668    -0.00909624    -0.00943048    -0.00898628      -0.008922    -0.00945386      -0.010311    -0.00974925     -0.0102224    -0.00968185    -0.00967792
    0.000228127   -5.13605e-05   -9.55581e-05    6.75734e-05    0.000228119    9.35568e-05    4.96411e-05    7.14891e-05    0.000228115      0.0120132    0.000214581   -0.000387706    0.000228126   -7.51445e-05   -4.06595e-05    0.000292005    0.000228122    1.94106e-05   -0.000124313   -2.65951e-05    0.000228119   -6.77258e-05   -8.80466e-05    4.52212e-05     0.00022812   -4.02165e-05   -1.68955e-05    8.65614e-05    0.000228126    2.58065e-05   -0.000209466   -1.87554e-05   -0.000293672     0.00012416   -0.000461731   -0.000210526   -8.67699e-05    0.000204211   -0.000439285   -7.17762e-05   -0.000654279   -0.000403395   -0.000254883    5.60358e-05
    -0.00227441    -0.00027095    0.000511472    0.000116137    -0.00227442    0.000111444     0.00127473    0.000265082    -0.00227441    0.000214581      0.0213093   -2.59874e-05    -0.00227444    -0.00038064    0.000143532     0.00049012    -0.00227442    5.44121e-05    0.000334123   -0.000611507    -0.00227432    -0.00027152    0.000718195     0.00020815    -0.00227437    9.94725e-05    0.000836831   -0.000157797     -0.0022744    3.99521e-05    0.000275591    0.000331397     0.00130398     0.00216112    0.000721789     0.00223052     0.00284598     0.00283717     0.00146672     0.00237892    0.000676609     0.00240805     0.00304267     0.00308643
    0.000111763   -0.000109009    9.03991e-05    3.44824e-05    0.000111741    0.000155721    3.17562e-05    9.62291e-05    0.000111742   -0.000387706   -2.59874e-05      0.0277117    0.000111762    0.000116854    -0.00030011   -0.000282237    0.000111762    0.000104371   -0.000111928    3.74305e-05    0.000111765    0.000292161    0.000152148    2.35239e-05     0.00011174    3.50092e-05    9.10781e-05   -0.000422548    0.000111746   -7.81764e-05     0.00012192     0.00037769    0.000425306   -0.000191026   -5.40716e-05    0.000744923    2.04345e-05   -0.000685934    -8.7596e-06   -0.000421551   -0.000848616    0.000504211    4.80298e-05   -0.000713928
      0.0102838   -0.000192989    -0.00302321    0.000264905      0.0102837    0.000132799    -0.00294872    0.000324789      0.0102836    0.000228126    -0.00227444    0.000111762      0.0142839    0.000172988    -0.00212939    0.000332877      0.0102837    0.000204566    -0.00316863     0.00157316      0.0102834    4.26168e-06    -0.00301061    0.000598448      0.0102835    0.000147238    -0.00287116    0.000354148      0.0102837   -0.000467385    -0.00297736    0.000137452    -0.00868635    -0.00953703    -0.00909641    -0.00943078    -0.00898647     -0.0089222    -0.00945411     -0.0103112    -0.00974967     -0.0102225    -0.00968212    -0.00967819
    0.000172978   -6.59672e-05    2.45595e-05     4.1505e-05    0.000172991    4.85747e-05   -0.000294598    5.20253e-05    0.000172992   -7.51445e-05    -0.00038064    0.000116854    0.000172988      0.0121962    7.82266e-05   -0.000497856    0.000172988     6.2789e-05    -0.00010333     4.3834e-05    0.000172971    0.000259937   -0.000125768    -0.00010289    0.000172994   -0.000284096   -0.000185278    4.77228e-06    0.000172987   -4.28291e-05   -0.000101647   -0.000191807    0.000619613   -0.000307584    4.28104e-07    0.000122012   -0.000676536   -0.000204215    0.000479739   -0.000474882   -0.000135062   -5.60634e-05   -0.000857508   -0.000392867
    -0.00212938    9.12207e-05    0.000496743   -0.000180037    -0.00212932   -9.32441e-06    0.000178982   -0.000174566     -0.0021293   -4.06595e-05    0.000143532    -0.00030011    -0.00212939    7.82266e-05      0.0206297    -5.3459e-05    -0.00212934   -5.95706e-05    0.000842947   -0.000171501    -0.00212929    7.37763e-05    0.000228045   -0.000158447    -0.00212926   -0.000457051    0.000232778    0.000425801    -0.00212933    0.000126252    0.000479629   -0.000567843     0.00227104     0.00236883     0.00219699     0.00099949     0.00141925     0.00206522     0.00259177     0.00238495     0.00242735     0.00113939     0.00143052     0.00225988
    0.000332875    5.54318e-05     3.5954e-05    0.000380571    0.000332864    0.000165305    0.000332274    0.000111456    0.000332852    0.000292005     0.00049012   -0.000282237    0.000332877   -0.000497856    -5.3459e-05      0.0286221    0.000332856   -8.50923e-05   -0.000289906    -0.00034116    0.000332862   -0.000407201    8.51236e-05   -0.000284721    0.000332865    1.15955e-05    0.000286704    0.000271334    0.000332895    0.000282291   -0.000559786   -0.000351176    -0.00129403    0.000619668   -0.000728158     0.00020975    -0.00075658     0.00103083    -0.00134651     0.00045086    -0.00101685   -0.000468795    -0.00126511    0.000937746
      0.0102836    -0.00019298    -0.00302318    0.000264889      0.0102835    0.000132807     -0.0029487    0.000324778      0.0102834    0.000228122    -0.00227442    0.000111762      0.0102837    0.000172988    -0.00212934    0.000332856      0.0142836    0.000204565    -0.00316856     0.00157316      0.0102832    4.27661e-06    -0.00301058    0.000598443      0.0102833    0.000147222    -0.00287113    0.000354154      0.0102835   -0.000467377    -0.00297731    0.000137445     -0.0086862    -0.00953677    -0.00909617    -0.00943072    -0.00898637    -0.00892207    -0.00945395     -0.0103111    -0.00974961     -0.0102224    -0.00968196    -0.00967812
    0.000204568   -0.000141192   -9.25669e-05     3.2013e-06     0.00020456    0.000114967   -8.45862e-05    0.000103704    0.000204559    1.94106e-05    5.44121e-05    0.000104371    0.000204566     6.2789e-05   -5.95706e-05   -8.50923e-05    0.000204565      0.0120003   -0.000132064   -0.000268568    0.000204561    0.000160517   -0.000131925    0.000112474    0.000204561    -0.00014885   -0.000130374   -5.04323e-05    0.000204558   -8.08103e-05   -0.000121558    8.23037e-05     0.00025734   -0.000170914   -0.000475016   -5.96774e-05   -1.31415e-05   -0.000145211     0.00011802    -0.00035217   -0.000642926   -0.000241684    -0.00018432   -0.000322075
    -0.00316859    0.000297219    0.000961182   -0.000295571    -0.00316855    6.70637e-05    0.000635327   -0.000401186    -0.00316852   -0.000124313    0.000334123   -0.000111928    -0.00316863    -0.00010333    0.000842947   -0.000289906    -0.00316856   -0.000132064      0.0210662   -0.000204825    -0.00316845    0.000125674    0.000890708   -0.000282549    -0.00316848   -4.46428e-05    0.000850705   -6.41682e-05    -0.00316856    0.000237436     0.00124838   -5.16041e-05     0.00261239     0.00359283     0.00334342     0.00246947     0.00280479     0.00205832     0.00291407     0.00382355     0.00348642     0.00263195     0.00301934     0.00229623
     0.00157317    3.53955e-05   -0.000519855   -0.000185769     0.00157315    0.000133708   -0.000746346   -0.000113991     0.00157314   -2.65951e-05   -0.000611507    3.74305e-05     0.00157316     4.3834e-05   -0.000171501    -0.00034116     0.00157316   -0.000268568   -0.000204825      0.0278936      0.0015731    0.000245756   -0.000613587    0.000183338     0.00157312   -8.97616e-05   -0.000615579    6.89744e-05     0.00157313   -0.000107159   -0.000204612    0.000115351   -0.000793309    -0.00117023    -0.00119018    -0.00168039   -0.000978501    -0.00178794    -0.00116935    -0.00131666    -0.00126754    -0.00226761    -0.00134883    -0.00238223
      0.0102833   -0.000192978    -0.00302306     0.00026488      0.0102832     0.00013282    -0.00294858    0.000324763      0.0102831    0.000228119    -0.00227432    0.000111765      0.0102834    0.000172971    -0.00212929    0.000332862      0.0102832    0.000204561    -0.00316845      0.0015731      0.0142829    4.28119e-06    -0.00301047    0.000598418       0.010283    0.000147228    -0.00287101     0.00035411      0.0102832   -0.000467359     -0.0029772    0.000137468    -0.00868595    -0.00953642    -0.00909603    -0.00943019    -0.00898599    -0.00892185    -0.00945362     -0.0103108     -0.0097492     -0.0102221    -0.00968162    -0.00967774
    4.27343e-06   -0.000133791    8.91586e-05    -0.00011307    4.26465e-06    0.000402766   -0.000346943   -1.71302e-05    4.27197e-06   -6.77258e-05    -0.00027152    0.000292161    4.26168e-06    0.000259937    7.37763e-05   -0.000407201    4.27661e-06    0.000160517    0.000125674    0.000245756    4.28119e-06       0.012533   -9.99846e-05   -0.000349044    4.28099e-06   -0.000441989   -0.000139186   -0.000242047    4.24928e-06   -7.45437e-05    0.000144315    0.000126198     0.00110173    0.000377075   -0.000365889    0.000292438   -0.000157744   -0.000778396     0.00102032    0.000240067   -0.000483593   -1.09443e-07   -0.000306225   -0.000955126
    -0.00301059    0.000199691     0.00115146    8.22313e-05    -0.00301059   -2.73377e-05      0.0012097   -0.000150098    -0.00301056   -8.80466e-05    0.000718195    0.000152148    -0.00301061   -0.000125768    0.000228045    8.51236e-05    -0.00301058   -0.000131925    0.000890708   -0.000613587    -0.00301047   -9.99846e-05      0.0210655   -0.000412409    -0.00301053    0.000392695     0.00130463   -0.000545309    -0.00301057     0.00025939     0.00108739    0.000299737     0.00162417     0.00277323      0.0028027     0.00373359     0.00267276     0.00241964     0.00211593     0.00320445     0.00279732      0.0040224     0.00275454     0.00238352
    0.000598444   -0.000215968   -0.000445115   -9.90841e-05    0.000598434   -7.11644e-05   -0.000123597    0.000180289    0.000598429    4.52212e-05     0.00020815    2.35239e-05    0.000598448    -0.00010289   -0.000158447   -0.000284721    0.000598443    0.000112474   -0.000282549    0.000183338    0.000598418   -0.000349044   -0.000412409      0.0278247    0.000598423    9.82511e-06   -0.000397224    9.95979e-05     0.00059843   -0.000225241   -0.000247446    0.000240717    5.65723e-05   -0.000844545   -0.000788195    -0.00107923     0.00048422   -0.000190048   -0.000582446    -0.00120872    -0.00102555   -0.000971377    0.000201068   -0.000618561
      0.0102834   -0.000192977     -0.0030231    0.000264881      0.0102833    0.000132808    -0.00294864    0.000324767      0.0102832     0.00022812    -0.00227437     0.00011174      0.0102835    0.000172994    -0.00212926    0.000332865      0.0102833    0.000204561    -0.00316848     0.00157312       0.010283    4.28099e-06    -0.00301053    0.000598423       0.014283    0.000147189    -0.00287107    0.000354173      0.0102833   -0.000467362    -0.00297725    0.000137407    -0.00868594     -0.0095365    -0.00909601    -0.00943041    -0.00898614    -0.00892179    -0.00945366     -0.0103109    -0.00974928     -0.0102223    -0.00968178    -0.00967785
    0.000147232    0.000233518      3.233e-05    5.31323e-05    0.000147211   -0.000333267     0.00039915   -8.70757e-05    0.000147212   -4.02165e-05    9.94725e-05    3.50092e-05    0.000147238   -0.000284096   -0.000457051    1.15955e-05    0.000147222    -0.00014885   -4.46428e-05   -8.97616e-05    0.000147228   -0.000441989    0.000392695    9.82511e-06    0.000147189      0.0127084    0.000345843   -0.000607747    0.000147227    5.73386e-05    0.000265141    0.000441977    -0.00127373   -0.000461699    0.000516286    0.000427089    0.000664129   -0.000185864    -0.00151868   -0.000523632    0.000300335     0.00039173    0.000472891   -0.000407046
    -0.00287114    0.000188578     0.00109865    0.000107081    -0.00287113    5.47421e-05     0.00120939   -0.000127097     -0.0028711   -1.68955e-05    0.000836831    9.10781e-05    -0.00287116   -0.000185278    0.000232778    0.000286704    -0.00287113   -0.000130374    0.000850705   -0.000615579    -0.00287101   -0.000139186     0.00130463   -0.000397224    -0.00287107    0.000345843        0.02099   -0.000458168    -0.00287111    0.000293764     0.00097021    0.000262274     0.00169187     0.00300248     0.00235999     0.00342964     0.00242286     0.00240548     0.00157925     0.00325699      0.0025764     0.00378642     0.00272711     0.00252483
    0.000354131    3.55501e-05   -0.000340318   -2.53162e-05    0.000354173   -0.000175785   -0.000350905    1.60382e-05    0.000354163    8.65614e-05   -0.000157797   -0.000422548    0.000354148    4.77228e-06    0.000425801    0.000271334    0.000354154   -5.04323e-05   -6.41682e-05    6.89744e-05     0.00035411   -0.000242047   -0.000545309    9.95979e-05    0.000354173   -0.000607747   -0.000458168      0.0280814    0.000354175    1.92946e-05   -0.000429744   -0.000629594    0.000201045   -0.000142712    0.000223932    -0.00151965   -0.000529074     0.00070536    -0.00049508    -0.00040937   -6.50767e-05    -0.00146819   -0.000830844      0.0004652
      0.0102836   -0.000192975    -0.00302316    0.000264905      0.0102835     0.00013279    -0.00294867    0.000324783      0.0102834    0.000228126     -0.0022744    0.000111746      0.0102837    0.000172987    -0.00212933    0.000332895      0.0102835    0.000204558    -0.00316856     0.00157313      0.0102832    4.24928e-06    -0.00301057     0.00059843      0.0102833    0.000147227    -0.00287111    0.000354175      0.0142835   -0.000467367    -0.00297732    0.000137415    -0.00868618    -0.00953678     -0.0090961    -0.00943065    -0.00898631      -0.008922    -0.00945396     -0.0103111    -0.00974957     -0.0102223    -0.00968201    -0.00967797
   -0.000467383    0.000160284    0.000251809    5.23515e-05   -0.000467377    5.44937e-05    0.000169394   -0.000112076   -0.000467372    2.58065e-05    3.99521e-05   -7.81764e-05   -0.000467385   -4.28291e-05    0.000126252    0.000282291   -0.000467377   -8.08103e-05    0.000237436   -0.000107159   -0.000467359   -7.45437e-05     0.00025939   -0.000225241   -0.000467362    5.73386e-05    0.000293764    1.92946e-05   -0.000467367      0.0120773    0.000169858   -0.000432512    9.60437e-05     0.00093288    0.000663322    0.000600873    0.000174411    0.000506608    -2.8479e-05    0.000851868    0.000510391    0.000447304    2.69148e-05    0.000419604
    -0.00297733    0.000294757     0.00100077   -0.000265445    -0.00297732   -2.33635e-05     0.00074837   -0.000372143    -0.00297728   -0.000209466    0.000275591     0.00012192    -0.00297736   -0.000101647    0.000479629   -0.000559786    -0.00297731   -0.000121558     0.00124838   -0.000204612     -0.0029772    0.000144315     0.00108739   -0.000247446    -0.00297725    0.000265141     0.00097021   -0.000429744    -0.00297732    0.000169858      0.0210889    0.000327596      0.0024018     0.00285861     0.00317765     0.00291744     0.00301907     0.00147488     0.00243839     0.00329231     0.00343292     0.00314838     0.00312656     0.00164826
    0.000137464   -7.04459e-05    2.10689e-05   -5.02912e-05    0.000137415    0.000133464    0.000309779     3.7896e-05    0.000137421   -1.87554e-05    0.000331397     0.00037769    0.000137452   -0.000191807   -0.000567843   -0.000351176    0.000137445    8.23037e-05   -5.16041e-05    0.000115351    0.000137468    0.000126198    0.000299737    0.000240717    0.000137407    0.000441977    0.000262274   -0.000629594    0.000137415   -0.000432512    0.000327596       0.028218   -0.000265407   -0.000199827   -0.000594577     0.00067736     0.00109149   -0.000576712   -0.000699716   -0.000278225   -0.000712618    0.000517828    0.000934784    -0.00135891
    -0.00868638    -0.00025406      0.0024257   -0.000314714    -0.00868614    0.000287617      0.0014772    0.000219757    -0.00868603   -0.000293672     0.00130398    0.000425306    -0.00868635    0.000619613     0.00227104    -0.00129403     -0.0086862     0.00025734     0.00261239   -0.000793309    -0.00868595     0.00110173     0.00162417    5.65723e-05    -0.00868594    -0.00127373     0.00169187    0.000201045    -0.00868618    9.60437e-05      0.0024018   -0.000265407      0.0170047     0.00814424     0.00772747     0.00783637     0.00769164     0.00759807      0.0046273     0.00752531     0.00731104     0.00747539     0.00690273     0.00687769
    -0.00953694    0.000550394     0.00296379   -0.000278719    -0.00953685    0.000836289     0.00242892   -0.000552889    -0.00953668     0.00012416     0.00216112   -0.000191026    -0.00953703   -0.000307584     0.00236883    0.000619668    -0.00953677   -0.000170914     0.00359283    -0.00117023    -0.00953642    0.000377075     0.00277323   -0.000844545     -0.0095365   -0.000461699     0.00300248   -0.000142712    -0.00953678     0.00093288     0.00285861   -0.000199827     0.00814424      0.0180552     0.00856225     0.00890158     0.00831114     0.00836345      0.0078522      0.0062716     0.00773062     0.00795421     0.00798551     0.00798682
    -0.00909637    0.000958645     0.00265389   -0.000314962    -0.00909625   -0.000824822     0.00226672    -0.00058895    -0.00909624   -0.000461731    0.000721789   -5.40716e-05    -0.00909641    4.28104e-07     0.00219699   -0.000728158    -0.00909617   -0.000475016     0.00334342    -0.00119018    -0.00909603   -0.000365889      0.0028027   -0.000788195    -0.00909601    0.000516286     0.00235999    0.000223932     -0.0090961    0.000663322     0.00317765   -0.000594577     0.00772747     0.00856225      0.0175726     0.00841878     0.00806722     0.00791196     0.00707441     0.00795437     0.00512192     0.00799249      0.0073554     0.00750425
    -0.00943055    0.000189446     0.00341983     0.00026455    -0.00943065    0.000168738     0.00334099   -8.47535e-05    -0.00943048   -0.000210526     0.00223052    0.000744923    -0.00943078    0.000122012     0.00099949     0.00020975    -0.00943072   -5.96774e-05     0.00246947    -0.00168039    -0.00943019    0.000292438     0.00373359    -0.00107923    -0.00943041    0.000427089     0.00342964    -0.00151965    -0.00943065    0.000600873     0.00291744     0.00067736     0.00783637     0.00890158     0.00841878      0.0181585     0.00846552     0.00822903     0.00772267     0.00856981     0.00752132     0.00594289     0.00762874     0.00756436
    -0.00898638    8.09756e-05     0.00226689   -0.000338311    -0.00898639   -0.000212695      0.0030819   -0.000164102    -0.00898628   -8.67699e-05     0.00284598    2.04345e-05    -0.00898647   -0.000676536     0.00141925    -0.00075658    -0.00898637   -1.31415e-05     0.00280479   -0.000978501    -0.00898599   -0.000157744     0.00267276     0.00048422    -0.00898614    0.000664129     0.00242286   -0.000529074    -0.00898631    0.000174411     0.00301907     0.00109149     0.00769164     0.00831114     0.00806722     0.00846552      0.0173933     0.00799316     0.00683868     0.00796226     0.00737064     0.00794523     0.00483798     0.00718596
    -0.00892219   -3.50871e-05     0.00236167    0.000412531    -0.00892206   -0.000443962     0.00310508    0.000278011      -0.008922    0.000204211     0.00283717   -0.000685934     -0.0089222   -0.000204215     0.00206522     0.00103083    -0.00892207   -0.000145211     0.00205832    -0.00178794    -0.00892185   -0.000778396     0.00241964   -0.000190048    -0.00892179   -0.000185864     0.00240548     0.00070536      -0.008922    0.000506608     0.00147488   -0.000576712     0.00759807     0.00836345     0.00791196     0.00822903     0.00799316      0.0172727     0.00692569     0.00759909     0.00731554      0.0079006     0.00722152     0.00500764
    -0.00945394   -0.000430172     0.00252824   -0.000663983    -0.00945393    0.000218539     0.00178817   -0.000366444    -0.00945386   -0.000439285     0.00146672    -8.7596e-06    -0.00945411    0.000479739     0.00259177    -0.00134651    -0.00945395     0.00011802     0.00291407    -0.00116935    -0.00945362     0.00102032     0.00211593   -0.000582446    -0.00945366    -0.00151868     0.00157925    -0.00049508    -0.00945396    -2.8479e-05     0.00243839   -0.000699716      0.0046273      0.0078522     0.00707441     0.00772267     0.00683868     0.00692569      0.0177028     0.00944726     0.00892945     0.00913257     0.00887555     0.00885381
     -0.0103111    0.000465121     0.00338607   -0.000419725      -0.010311    0.000691243     0.00293391   -0.000933738      -0.010311   -7.17762e-05     0.00237892   -0.000421551     -0.0103112   -0.000474882     0.00238495     0.00045086     -0.0103111    -0.00035217     0.00382355    -0.00131666     -0.0103108    0.000240067     0.00320445    -0.00120872     -0.0103109   -0.000523632     0.00325699    -0.00040937     -0.0103111    0.000851868     0.00329231   -0.000278225     0.00752531      0.0062716     0.00795437     0.00856981     0.00796226     0.00759909     0.00944726      0.0188731     0.00979347       0.010237      0.0095829     0.00966634
    -0.00974962     0.00082446     0.00298885    -0.00064077    -0.00974942    -0.00102505     0.00212045    -0.00111432    -0.00974925   -0.000654279    0.000676609   -0.000848616    -0.00974967   -0.000135062     0.00242735    -0.00101685    -0.00974961   -0.000642926     0.00348642    -0.00126754     -0.0097492   -0.000483593     0.00279732    -0.00102555    -0.00974928    0.000300335      0.0025764   -6.50767e-05    -0.00974957    0.000510391     0.00343292   -0.000712618     0.00731104     0.00773062     0.00512192     0.00752132     0.00737064     0.00731554     0.00892945     0.00979347      0.0182265     0.00965795      0.0091809     0.00907725
     -0.0102226    5.00617e-05     0.00359926    0.000235699     -0.0102224   -0.000165353     0.00367725   -8.40175e-05     -0.0102224   -0.000403395     0.00240805    0.000504211     -0.0102225   -5.60634e-05     0.00113939   -0.000468795     -0.0102224   -0.000241684     0.00263195    -0.00226761     -0.0102221   -1.09443e-07      0.0040224   -0.000971377     -0.0102223     0.00039173     0.00378642    -0.00146819     -0.0102223    0.000447304     0.00314838    0.000517828     0.00747539     0.00795421     0.00799249     0.00594289     0.00794523      0.0079006     0.00913257       0.010237     0.00965795      0.0189694     0.00974184     0.00953965
      -0.009682   -8.12196e-05     0.00235635   -0.000849763    -0.00968193   -0.000369337     0.00320717   -0.000288663    -0.00968185   -0.000254883     0.00304267    4.80298e-05    -0.00968212   -0.000857508     0.00143052    -0.00126511    -0.00968196    -0.00018432     0.00301934    -0.00134883    -0.00968162   -0.000306225     0.00275454    0.000201068    -0.00968178    0.000472891     0.00272711   -0.000830844    -0.00968201    2.69148e-05     0.00312656    0.000934784     0.00690273     0.00798551      0.0073554     0.00762874     0.00483798     0.00722152     0.00887555      0.0095829      0.0091809     0.00974184      0.0180224     0.00914881
    -0.00967812   -0.000153751     0.00249288    3.22194e-05    -0.00967799   -0.000596893     0.00319208    0.000141391    -0.00967792    5.60358e-05     0.00308643   -0.000713928    -0.00967819   -0.000392867     0.00225988    0.000937746    -0.00967812   -0.000322075     0.00229623    -0.00238223    -0.00967774   -0.000955126     0.00238352   -0.000618561    -0.00967785   -0.000407046     0.00252483      0.0004652    -0.00967797    0.000419604     0.00164826    -0.00135891     0.00687769     0.00798682     0.00750425     0.00756436     0.00718596     0.00500764     0.00885381     0.00966634     0.00907725     0.00953965     0.00914881      0.0180421
