     0.00805379    0.000531007    -0.00117335     1.6277e-05     0.00405371    4.08656e-05   -0.000916271    0.000124467     0.00405372    0.000284402    -0.00130666    0.000129638     0.00405365    0.000299917    -0.00141911    0.000210193     0.00405384    8.05733e-05    -0.00147265   -0.000248342     0.00405371    -9.3658e-05    -0.00119836   -0.000398241     0.00405372    9.36713e-05   -0.000978186   -0.000216228     0.00405378    0.000826917    -0.00123387   -0.000573998    -0.00469497      -0.004266    -0.00463338    -0.00480458    -0.00457711    -0.00443129    -0.00478057    -0.00487706    -0.00490912    -0.00493413    -0.00458277      -0.004592
    0.000531007      0.0123013   -8.11851e-06   -0.000283738    0.000531005   -0.000133485    0.000240467    1.93241e-05    0.000531007    7.13042e-05    1.56815e-05    8.46665e-05    0.000530989    0.000348362   -0.000262848   -0.000306752    0.000531023    4.55866e-05   -0.000264796   -0.000427483    0.000530998   -0.000212769   -0.000346598   -0.000250714    0.000530995   -4.82712e-05   -5.98441e-05    0.000119868     0.00053101   -8.20708e-05   -0.000141466     0.00023556    -0.00120909   -9.25379e-05    0.000354695   -0.000717199   -0.000798102   -0.000682368    -0.00138717   -0.000256819    0.000171009   -0.000897708   -0.000959176    -0.00084314
    -0.00117335   -8.11851e-06      0.0203348     0.00032637    -0.00117331   -1.57897e-05    0.000270016   -0.000182376    -0.00117332   -0.000102716    0.000256536   -0.000227509     -0.0011733    3.95508e-06     0.00046875   -0.000235188    -0.00117337    1.23495e-05    0.000348984   -0.000368422    -0.00117333   -5.47072e-05    0.000540644   -2.74662e-05    -0.00117334   -0.000114688    0.000634872    0.000291508    -0.00117336   -0.000384572    0.000357874    9.99274e-05     0.00119186     0.00171543     0.00140688     0.00207061    0.000660092    0.000965412     0.00105904     0.00201101     0.00164551      0.0020234     0.00051056    0.000978084
     1.6277e-05   -0.000283738     0.00032637      0.0278616    1.63032e-05    9.38408e-05    1.88632e-05   -0.000142718    1.62857e-05    3.83564e-05   -0.000137424   -0.000451505    1.62968e-05    5.36883e-05    7.50314e-05    1.04091e-05    1.62722e-05    1.93898e-05   -6.58849e-05   -0.000344924    1.62723e-05    6.13828e-05    0.000333108   -0.000184926    1.62596e-05    2.59826e-05     0.00039112    0.000195431    1.62715e-05   -0.000179626   -6.28379e-05   -0.000301386    0.000130318    0.000379971   -3.62595e-05    0.000833191   -0.000986638    0.000281508   -6.69452e-05    0.000272149    -0.00025495    0.000767221    -0.00148149   -1.72894e-05
     0.00405371    0.000531005    -0.00117331    1.63032e-05     0.00805363    4.08486e-05   -0.000916243     0.00012446     0.00405363    0.000284402    -0.00130662    0.000129613     0.00405356    0.000299928    -0.00141907    0.000210182     0.00405376    8.05961e-05    -0.00147261   -0.000248365     0.00405362   -9.36562e-05    -0.00119832   -0.000398224     0.00405363    9.36505e-05   -0.000978158   -0.000216164      0.0040537    0.000826881    -0.00123386   -0.000573996    -0.00469498    -0.00426594    -0.00463317    -0.00480449    -0.00457692    -0.00443104    -0.00478051    -0.00487695     -0.0049091    -0.00493388    -0.00458282    -0.00459199
    4.08656e-05   -0.000133485   -1.57897e-05    9.38408e-05    4.08486e-05      0.0122655   -0.000113492   -0.000401803    4.08615e-05   -3.69547e-05   -0.000308319   -0.000115481    4.08739e-05   -0.000193942    1.88717e-05    0.000253737    4.08529e-05   -0.000275266    3.29791e-06    0.000230671    4.08534e-05    1.01508e-05    0.000169751   -5.34287e-05    4.08633e-05     0.00031488    0.000143793   -0.000481997    4.08485e-05      9.433e-05    0.000121271   -6.15117e-05     0.00116316   -5.74148e-05   -0.000113484   -0.000170858   -0.000454536   -0.000245048     0.00106448   -0.000235057   -0.000217501   -0.000306854   -0.000553008   -0.000413385
   -0.000916271    0.000240467    0.000270016    1.88632e-05   -0.000916243   -0.000113492      0.0207396    0.000129404    -0.00091624    0.000119253    0.000798606   -0.000149377   -0.000916249     0.00042338    0.000110817   -0.000286153    -0.00091626   -7.75412e-05     0.00028122   -0.000147885   -0.000916253     -9.965e-05   -0.000129902   -0.000328885   -0.000916262    0.000181883    6.37562e-05   -6.34309e-05   -0.000916242   -0.000516676    0.000237336     0.00049027    0.000329962    0.000994986     0.00240778    0.000223417    0.000417799     0.00185121    0.000653655     0.00110393     0.00245338    0.000173207    0.000268544     0.00180029
    0.000124467    1.93241e-05   -0.000182376   -0.000142718     0.00012446   -0.000401803    0.000129404      0.0275071    0.000124461    7.06313e-05    0.000195399    8.96857e-05    0.000124459    9.59507e-05   -6.75618e-05    4.46436e-05    0.000124472    6.04623e-05    7.97417e-06     0.00014977    0.000124475    2.50857e-05   -0.000212591    3.68816e-06     0.00012447    2.71008e-05   -0.000260318    1.80247e-05    0.000124476    3.11768e-06   -9.39798e-05    5.49991e-05   -7.72385e-05   -0.000413444   -5.83283e-05     -0.0001553    0.000372912    0.000302422   -0.000573351   -0.000662454    0.000127094   -0.000767546   -5.85975e-05    0.000294426
     0.00405372    0.000531007    -0.00117332    1.62857e-05     0.00405363    4.08615e-05    -0.00091624    0.000124461     0.00805364    0.000284402    -0.00130663    0.000129631     0.00405357    0.000299921    -0.00141909    0.000210177     0.00405377    8.05678e-05    -0.00147263   -0.000248351     0.00405363   -9.36527e-05    -0.00119834   -0.000398244     0.00405364    9.36721e-05   -0.000978166   -0.000216231      0.0040537    0.000826899    -0.00123385   -0.000573984    -0.00469482     -0.0042659    -0.00463319    -0.00480458    -0.00457702    -0.00443125    -0.00478057    -0.00487689     -0.0049091      -0.004934    -0.00458273    -0.00459183
    0.000284402    7.13042e-05   -0.000102716    3.83564e-05    0.000284402   -3.69547e-05    0.000119253    7.06313e-05    0.000284402      0.0120075    4.05808e-05   -0.000409553    0.000284389    0.000115335    -0.00017602    1.49989e-05    0.000284411    1.45287e-05    -0.00012898    4.08495e-07    0.000284398    7.59468e-05   -0.000162017   -0.000118669    0.000284392    5.89088e-05   -0.000148655   -4.21096e-05    0.000284411    1.02859e-05   -0.000148203   -5.94063e-05   -0.000418619   -0.000212283   -0.000191727   -0.000456894   -0.000434931    0.000248753   -0.000559844   -0.000394638   -0.000364852   -0.000642066   -0.000572467    9.44989e-05
    -0.00130666    1.56815e-05    0.000256536   -0.000137424    -0.00130662   -0.000308319    0.000798606    0.000195399    -0.00130663    4.05808e-05      0.0207191   -1.18953e-05    -0.00130662    0.000280357    0.000432222    -0.00020842    -0.00130666     0.00021133    0.000566529   -1.50771e-07    -0.00130662   -4.72717e-05    5.04068e-05    5.34169e-05    -0.00130663   -0.000128366   -1.40697e-05    0.000458295    -0.00130662   -0.000538572    0.000250739    0.000356959     0.00054985    0.000705907     0.00236876     0.00135641     0.00169439     0.00220155    0.000503734    0.000925155     0.00240729     0.00134128     0.00160815     0.00241735
    0.000129638    8.46665e-05   -0.000227509   -0.000451505    0.000129613   -0.000115481   -0.000149377    8.96857e-05    0.000129631   -0.000409553   -1.18953e-05      0.0279158    0.000129627   -1.04879e-05   -7.29807e-05   -0.000142141    0.000129638    2.49277e-05   -1.69952e-05    0.000107679    0.000129648   -0.000181499   -0.000325076    0.000194251    0.000129654   -0.000130739   -0.000263781   -3.94156e-05    0.000129631    0.000202812    6.39025e-05     0.00038298   -7.10251e-06    0.000104401    0.000104265   -0.000538285      0.0011106   -0.000852427   -0.000772156   -0.000390925    0.000142856   -0.000805317     0.00103174   -0.000869457
     0.00405365    0.000530989     -0.0011733    1.62968e-05     0.00405356    4.08739e-05   -0.000916249    0.000124459     0.00405357    0.000284389    -0.00130662    0.000129627      0.0080535    0.000299906    -0.00141904    0.000210192      0.0040537    8.05765e-05    -0.00147259   -0.000248344     0.00405356   -9.36619e-05    -0.00119829   -0.000398217     0.00405357    9.36675e-05   -0.000978132   -0.000216198     0.00405363     0.00082688    -0.00123383   -0.000573983    -0.00469472    -0.00426586    -0.00463305    -0.00480432    -0.00457687    -0.00443118    -0.00478044    -0.00487691    -0.00490907    -0.00493393    -0.00458273    -0.00459184
    0.000299917    0.000348362    3.95508e-06    5.36883e-05    0.000299928   -0.000193942     0.00042338    9.59507e-05    0.000299921    0.000115335    0.000280357   -1.04879e-05    0.000299906      0.0123171   -0.000169564   -0.000592312    0.000299935    0.000119355   -0.000131523   -0.000359404    0.000299916   -0.000159289   -0.000321779   -0.000241716    0.000299909    -4.9013e-05   -0.000115672    0.000246901    0.000299932   -0.000214289   -0.000148699    0.000203036    -0.00111617   -0.000198241    0.000706998   -0.000416944   -0.000580047    5.56264e-05     -0.0012916   -0.000352108    0.000522034   -0.000597535   -0.000767505    -8.2931e-05
    -0.00141911   -0.000262848     0.00046875    7.50314e-05    -0.00141907    1.88717e-05    0.000110817   -6.75618e-05    -0.00141909    -0.00017602    0.000432222   -7.29807e-05    -0.00141904   -0.000169564      0.0204268    2.23299e-05    -0.00141913     9.5981e-05    0.000653024     3.3524e-05    -0.00141907    -8.5668e-05    0.000623701    0.000285712    -0.00141907   -0.000137319    0.000463176    0.000412091    -0.00141911    -0.00037626    0.000438055    8.24731e-05     0.00187263    0.000878903     0.00151375     0.00248226     0.00167881     0.00117096     0.00165067     0.00114679      0.0018952     0.00250805     0.00153759     0.00129743
    0.000210193   -0.000306752   -0.000235188    1.04091e-05    0.000210182    0.000253737   -0.000286153    4.46436e-05    0.000210177    1.49989e-05    -0.00020842   -0.000142141    0.000210192   -0.000592312    2.23299e-05      0.0278032    0.000210183   -9.54915e-05    4.15485e-05    0.000482878    0.000210187    0.000186897    0.000135345    0.000125472     0.00021019    0.000220072   -0.000129045   -0.000269489    0.000210187    0.000175947   -6.62309e-05    -0.00032915    0.000827755   -0.000717117   -0.000827568   -0.000234934   -0.000182562    0.000273178    0.000685449    -0.00119542   -0.000987812   -0.000179639   -0.000295629   -3.73327e-05
     0.00405384    0.000531023    -0.00117337    1.62722e-05     0.00405376    4.08529e-05    -0.00091626    0.000124472     0.00405377    0.000284411    -0.00130666    0.000129638      0.0040537    0.000299935    -0.00141913    0.000210183     0.00805389    8.05796e-05    -0.00147267   -0.000248352     0.00405376   -9.36603e-05    -0.00119839   -0.000398247     0.00405377    9.36682e-05   -0.000978211    -0.00021622     0.00405383    0.000826922    -0.00123389   -0.000573992    -0.00469513    -0.00426614    -0.00463337    -0.00480471    -0.00457707    -0.00443125    -0.00478061    -0.00487703    -0.00490919    -0.00493418    -0.00458289    -0.00459209
    8.05733e-05    4.55866e-05    1.23495e-05    1.93898e-05    8.05961e-05   -0.000275266   -7.75412e-05    6.04623e-05    8.05678e-05    1.45287e-05     0.00021133    2.49277e-05    8.05765e-05    0.000119355     9.5981e-05   -9.54915e-05    8.05796e-05      0.0122429    3.99952e-05   -0.000527685    8.05853e-05   -1.86584e-05   -1.17186e-05    0.000140838    8.05758e-05   -0.000321458   -7.86821e-05    0.000635547    8.05836e-05   -0.000102003   -0.000162398   -0.000116219   -0.000929436   -0.000356259   -4.38522e-05     0.00069188    0.000324323    0.000145256    -0.00106739   -0.000450532   -0.000208939    0.000574611    0.000150362    7.95095e-05
    -0.00147265   -0.000264796    0.000348984   -6.58849e-05    -0.00147261    3.29791e-06     0.00028122    7.97417e-06    -0.00147263    -0.00012898    0.000566529   -1.69952e-05    -0.00147259   -0.000131523    0.000653024    4.15485e-05    -0.00147267    3.99952e-05      0.0203503    0.000198644    -0.00147261   -3.79393e-05    0.000467985    0.000255877    -0.00147261   -4.76453e-05    0.000287927    0.000224147    -0.00147264   -0.000355187    0.000447015    0.000184219     0.00191897     0.00092045     0.00178845     0.00187724      0.0017933     0.00156759     0.00175744     0.00107503     0.00196603     0.00213071     0.00189577     0.00167677
   -0.000248342   -0.000427483   -0.000368422   -0.000344924   -0.000248365    0.000230671   -0.000147885     0.00014977   -0.000248351    4.08495e-07   -1.50771e-07    0.000107679   -0.000248344   -0.000359404     3.3524e-05    0.000482878   -0.000248352   -0.000527685    0.000198644      0.0281992   -0.000248334    0.000266635    3.07272e-06    0.000239346   -0.000248328    0.000293845   -0.000337036   -0.000588075    -0.00024834    0.000272527    0.000101358   -8.74423e-05     0.00147851   -0.000302148   -0.000465418   -0.000517983     0.00102294    0.000905007     0.00138263   -0.000701252   -0.000473785   -0.000570732     0.00103295    0.000673797
     0.00405371    0.000530998    -0.00117333    1.62723e-05     0.00405362    4.08534e-05   -0.000916253    0.000124475     0.00405363    0.000284398    -0.00130662    0.000129648     0.00405356    0.000299916    -0.00141907    0.000210187     0.00405376    8.05853e-05    -0.00147261   -0.000248334     0.00805362   -9.36551e-05    -0.00119834    -0.00039822     0.00405363    9.36585e-05   -0.000978178   -0.000216197     0.00405369    0.000826901    -0.00123386   -0.000573981    -0.00469485    -0.00426593    -0.00463329    -0.00480448    -0.00457684    -0.00443112    -0.00478056    -0.00487697    -0.00490901    -0.00493401    -0.00458276    -0.00459195
    -9.3658e-05   -0.000212769   -5.47072e-05    6.13828e-05   -9.36562e-05    1.01508e-05     -9.965e-05    2.50857e-05   -9.36527e-05    7.59468e-05   -4.72717e-05   -0.000181499   -9.36619e-05   -0.000159289    -8.5668e-05    0.000186897   -9.36603e-05   -1.86584e-05   -3.79393e-05    0.000266635   -9.36551e-05      0.0122702    9.55501e-05   -0.000296882   -9.36667e-05    5.43574e-05   -8.53262e-05   -0.000170731   -9.36517e-05    0.000148956   -9.13455e-05   -0.000311061    0.000315531    0.000394653   -0.000782523    6.06257e-05    0.000138251    0.000925349    0.000245195    0.000224312    -0.00094015   -0.000112059    3.37942e-05    0.000819903
    -0.00119836   -0.000346598    0.000540644    0.000333108    -0.00119832    0.000169751   -0.000129902   -0.000212591    -0.00119834   -0.000162017    5.04068e-05   -0.000325076    -0.00119829   -0.000321779    0.000623701    0.000135345    -0.00119839   -1.17186e-05    0.000467985    3.07272e-06    -0.00119834    9.55501e-05       0.020507    0.000206896    -0.00119834   -5.15749e-05    0.000643301    0.000206852    -0.00119837   -0.000234289    0.000371459   -0.000229596     0.00189313     0.00119591    0.000860238     0.00245826    0.000808613    0.000877151     0.00200723     0.00141619    0.000644321     0.00249125    0.000778172     0.00114785
   -0.000398241   -0.000250714   -2.74662e-05   -0.000184926   -0.000398224   -5.34287e-05   -0.000328885    3.68816e-06   -0.000398244   -0.000118669    5.34169e-05    0.000194251   -0.000398217   -0.000241716    0.000285712    0.000125472   -0.000398247    0.000140838    0.000255877    0.000239346    -0.00039822   -0.000296882    0.000206896      0.0277401    -0.00039822   -0.000196677   -1.38209e-05    0.000257683   -0.000398243    8.18541e-05    0.000117286   -5.12672e-05    0.000519934    4.68348e-05    0.000176684    0.000782605     0.00149917    0.000263502    0.000486086   -0.000101432     -0.0003256     0.00102062     0.00116962     1.0066e-05
     0.00405372    0.000530995    -0.00117334    1.62596e-05     0.00405363    4.08633e-05   -0.000916262     0.00012447     0.00405364    0.000284392    -0.00130663    0.000129654     0.00405357    0.000299909    -0.00141907     0.00021019     0.00405377    8.05758e-05    -0.00147261   -0.000248328     0.00405363   -9.36667e-05    -0.00119834    -0.00039822     0.00805364    9.36657e-05   -0.000978181   -0.000216217      0.0040537    0.000826904    -0.00123385   -0.000573974    -0.00469481    -0.00426606    -0.00463323    -0.00480447    -0.00457699    -0.00443118    -0.00478054    -0.00487691    -0.00490904    -0.00493407    -0.00458261    -0.00459198
    9.36713e-05   -4.82712e-05   -0.000114688    2.59826e-05    9.36505e-05     0.00031488    0.000181883    2.71008e-05    9.36721e-05    5.89088e-05   -0.000128366   -0.000130739    9.36675e-05    -4.9013e-05   -0.000137319    0.000220072    9.36682e-05   -0.000321458   -4.76453e-05    0.000293845    9.36585e-05    5.43574e-05   -5.15749e-05   -0.000196677    9.36657e-05      0.0123348   -3.65946e-05   -0.000974481    9.36671e-05    5.82308e-05     6.8883e-05    4.18574e-05    0.000956944   -9.51394e-05    0.000109747    -0.00079209   -0.000611503     0.00021927    0.000849311   -0.000296846    2.00646e-05   -0.000991268   -0.000678887    4.17836e-05
   -0.000978186   -5.98441e-05    0.000634872     0.00039112   -0.000978158    0.000143793    6.37562e-05   -0.000260318   -0.000978166   -0.000148655   -1.40697e-05   -0.000263781   -0.000978132   -0.000115672    0.000463176   -0.000129045   -0.000978211   -7.86821e-05    0.000287927   -0.000337036   -0.000978178   -8.53262e-05    0.000643301   -1.38209e-05   -0.000978181   -3.65946e-05      0.0204221    0.000151746   -0.000978206   -0.000293672    0.000376118    1.48251e-05     0.00124291     0.00157354     0.00111133     0.00207417    0.000325623    0.000326042     0.00156026     0.00171484     0.00119095     0.00189338    9.01407e-05    0.000432287
   -0.000216228    0.000119868    0.000291508    0.000195431   -0.000216164   -0.000481997   -6.34309e-05    1.80247e-05   -0.000216231   -4.21096e-05    0.000458295   -3.94156e-05   -0.000216198    0.000246901    0.000412091   -0.000269489    -0.00021622    0.000635547    0.000224147   -0.000588075   -0.000216197   -0.000170731    0.000206852    0.000257683   -0.000216217   -0.000974481    0.000151746      0.0287189   -0.000216213   -0.000387165   -0.000151945   -0.000145387    -0.00134008   -0.000366182    0.000576783     0.00199986    0.000810566    0.000375265    -0.00157031   -0.000255399     0.00043737     0.00211521    0.000160807    8.56798e-05
     0.00405378     0.00053101    -0.00117336    1.62715e-05      0.0040537    4.08485e-05   -0.000916242    0.000124476      0.0040537    0.000284411    -0.00130662    0.000129631     0.00405363    0.000299932    -0.00141911    0.000210187     0.00405383    8.05836e-05    -0.00147264    -0.00024834     0.00405369   -9.36517e-05    -0.00119837   -0.000398243      0.0040537    9.36671e-05   -0.000978206   -0.000216213     0.00805376    0.000826905    -0.00123388   -0.000573994      -0.004695    -0.00426609    -0.00463329    -0.00480463    -0.00457707    -0.00443119    -0.00478061    -0.00487698    -0.00490912     -0.0049341    -0.00458275    -0.00459193
    0.000826917   -8.20708e-05   -0.000384572   -0.000179626    0.000826881      9.433e-05   -0.000516676    3.11768e-06    0.000826899    1.02859e-05   -0.000538572    0.000202812     0.00082688   -0.000214289    -0.00037626    0.000175947    0.000826922   -0.000102003   -0.000355187    0.000272527    0.000826901    0.000148956   -0.000234289    8.18541e-05    0.000826904    5.82308e-05   -0.000293672   -0.000387165    0.000826905       0.012398   -0.000202857   -0.000499535   -0.000403647   -0.000507108    -0.00166847     -0.0012797   -0.000285896    -0.00101897   -0.000561844   -0.000769894     -0.0018794    -0.00145539   -0.000366068      -0.001216
    -0.00123387   -0.000141466    0.000357874   -6.28379e-05    -0.00123386    0.000121271    0.000237336   -9.39798e-05    -0.00123385   -0.000148203    0.000250739    6.39025e-05    -0.00123383   -0.000148699    0.000438055   -6.62309e-05    -0.00123389   -0.000162398    0.000447015    0.000101358    -0.00123386   -9.13455e-05    0.000371459    0.000117286    -0.00123385     6.8883e-05    0.000376118   -0.000151945    -0.00123388   -0.000202857      0.0201859    0.000328566     0.00177661     0.00134429     0.00174641     0.00129346     0.00134782    0.000886818     0.00193823     0.00158916     0.00161227     0.00126915     0.00147214    0.000797399
   -0.000573998     0.00023556    9.99274e-05   -0.000301386   -0.000573996   -6.15117e-05     0.00049027    5.49991e-05   -0.000573984   -5.94063e-05    0.000356959     0.00038298   -0.000573983    0.000203036    8.24731e-05    -0.00032915   -0.000573992   -0.000116219    0.000184219   -8.74423e-05   -0.000573981   -0.000311061   -0.000229596   -5.12672e-05   -0.000573974    4.18574e-05    1.48251e-05   -0.000145387   -0.000573994   -0.000499535    0.000328566      0.0280427    0.000487952    0.000858774     0.00191289   -0.000104438     0.00112256    0.000263153    0.000290398    0.000806525     0.00184269   -0.000299848     0.00096228   -0.000159176
    -0.00469497    -0.00120909     0.00119186    0.000130318    -0.00469498     0.00116316    0.000329962   -7.72385e-05    -0.00469482   -0.000418619     0.00054985   -7.10251e-06    -0.00469472    -0.00111617     0.00187263    0.000827755    -0.00469513   -0.000929436     0.00191897     0.00147851    -0.00469485    0.000315531     0.00189313    0.000519934    -0.00469481    0.000956944     0.00124291    -0.00134008      -0.004695   -0.000403647     0.00177661    0.000487952      0.0162843     0.00460687     0.00474624     0.00504042     0.00488318     0.00474777     0.00311992      0.0046285      0.0045102     0.00451428     0.00437992     0.00404648
      -0.004266   -9.25379e-05     0.00171543    0.000379971    -0.00426594   -5.74148e-05    0.000994986   -0.000413444     -0.0042659   -0.000212283    0.000705907    0.000104401    -0.00426586   -0.000198241    0.000878903   -0.000717117    -0.00426614   -0.000356259     0.00092045   -0.000302148    -0.00426593    0.000394653     0.00119591    4.68348e-05    -0.00426606   -9.51394e-05     0.00157354   -0.000366182    -0.00426609   -0.000507108     0.00134429    0.000858774     0.00460687      0.0151062     0.00461396      0.0047006     0.00443823     0.00435152     0.00414898     0.00226808     0.00397137     0.00407968     0.00354606     0.00376877
    -0.00463338    0.000354695     0.00140688   -3.62595e-05    -0.00463317   -0.000113484     0.00240778   -5.83283e-05    -0.00463319   -0.000191727     0.00236876    0.000104265    -0.00463305    0.000706998     0.00151375   -0.000827568    -0.00463337   -4.38522e-05     0.00178845   -0.000465418    -0.00463329   -0.000782523    0.000860238    0.000176684    -0.00463323    0.000109747     0.00111133    0.000576783    -0.00463329    -0.00166847     0.00174641     0.00191289     0.00474624     0.00461396       0.016086      0.0050976     0.00481105     0.00477808     0.00401792     0.00466954      0.0031591     0.00438898     0.00409756     0.00420386
    -0.00480458   -0.000717199     0.00207061    0.000833191    -0.00480449   -0.000170858    0.000223417     -0.0001553    -0.00480458   -0.000456894     0.00135641   -0.000538285    -0.00480432   -0.000416944     0.00248226   -0.000234934    -0.00480471     0.00069188     0.00187724   -0.000517983    -0.00480448    6.06257e-05     0.00245826    0.000782605    -0.00480447    -0.00079209     0.00207417     0.00199986    -0.00480463     -0.0012797     0.00129346   -0.000104438     0.00504042      0.0047006      0.0050976      0.0163591     0.00502407     0.00487654     0.00448254     0.00484862     0.00458899     0.00346892     0.00422465     0.00431505
    -0.00457711   -0.000798102    0.000660092   -0.000986638    -0.00457692   -0.000454536    0.000417799    0.000372912    -0.00457702   -0.000434931     0.00169439      0.0011106    -0.00457687   -0.000580047     0.00167881   -0.000182562    -0.00457707    0.000324323      0.0017933     0.00102294    -0.00457684    0.000138251    0.000808613     0.00149917    -0.00457699   -0.000611503    0.000325623    0.000810566    -0.00457707   -0.000285896     0.00134782     0.00112256     0.00488318     0.00443823     0.00481105     0.00502407      0.0158773     0.00464496      0.0041709     0.00443362     0.00442756     0.00468239     0.00233893      0.0041547
    -0.00443129   -0.000682368    0.000965412    0.000281508    -0.00443104   -0.000245048     0.00185121    0.000302422    -0.00443125    0.000248753     0.00220155   -0.000852427    -0.00443118    5.56264e-05     0.00117096    0.000273178    -0.00443125    0.000145256     0.00156759    0.000905007    -0.00443112    0.000925349    0.000877151    0.000263502    -0.00443118     0.00021927    0.000326042    0.000375265    -0.00443119    -0.00101897    0.000886818    0.000263153     0.00474777     0.00435152     0.00477808     0.00487654     0.00464496      0.0156198     0.00423465     0.00412846     0.00441598     0.00395357     0.00409495     0.00204495
    -0.00478057    -0.00138717     0.00105904   -6.69452e-05    -0.00478051     0.00106448    0.000653655   -0.000573351    -0.00478057   -0.000559844    0.000503734   -0.000772156    -0.00478044     -0.0012916     0.00165067    0.000685449    -0.00478061    -0.00106739     0.00175744     0.00138263    -0.00478056    0.000245195     0.00200723    0.000486086    -0.00478054    0.000849311     0.00156026    -0.00157031    -0.00478061   -0.000561844     0.00193823    0.000290398     0.00311992     0.00414898     0.00401792     0.00448254      0.0041709     0.00423465      0.0158603     0.00528315     0.00508759     0.00526648      0.0049601     0.00497861
    -0.00487706   -0.000256819     0.00201101    0.000272149    -0.00487695   -0.000235057     0.00110393   -0.000662454    -0.00487689   -0.000394638    0.000925155   -0.000390925    -0.00487691   -0.000352108     0.00114679    -0.00119542    -0.00487703   -0.000450532     0.00107503   -0.000701252    -0.00487697    0.000224312     0.00141619   -0.000101432    -0.00487691   -0.000296846     0.00171484   -0.000255399    -0.00487698   -0.000769894     0.00158916    0.000806525      0.0046285     0.00226808     0.00466954     0.00484862     0.00443362     0.00412846     0.00528315      0.0156558     0.00550967     0.00548405     0.00498823     0.00505688
    -0.00490912    0.000171009     0.00164551    -0.00025495     -0.0049091   -0.000217501     0.00245338    0.000127094     -0.0049091   -0.000364852     0.00240729    0.000142856    -0.00490907    0.000522034      0.0018952   -0.000987812    -0.00490919   -0.000208939     0.00196603   -0.000473785    -0.00490901    -0.00094015    0.000644321     -0.0003256    -0.00490904    2.00646e-05     0.00119095     0.00043737    -0.00490912     -0.0018794     0.00161227     0.00184269      0.0045102     0.00397137      0.0031591     0.00458899     0.00442756     0.00441598     0.00508759     0.00550967      0.0160181     0.00548097     0.00505102     0.00517101
    -0.00493413   -0.000897708      0.0020234    0.000767221    -0.00493388   -0.000306854    0.000173207   -0.000767546      -0.004934   -0.000642066     0.00134128   -0.000805317    -0.00493393   -0.000597535     0.00250805   -0.000179639    -0.00493418    0.000574611     0.00213071   -0.000570732    -0.00493401   -0.000112059     0.00249125     0.00102062    -0.00493407   -0.000991268     0.00189338     0.00211521     -0.0049341    -0.00145539     0.00126915   -0.000299848     0.00451428     0.00407968     0.00438898     0.00346892     0.00468239     0.00395357     0.00526648     0.00548405     0.00548097      0.0161023     0.00510531     0.00519967
    -0.00458277   -0.000959176     0.00051056    -0.00148149    -0.00458282   -0.000553008    0.000268544   -5.85975e-05    -0.00458273   -0.000572467     0.00160815     0.00103174    -0.00458273   -0.000767505     0.00153759   -0.000295629    -0.00458289    0.000150362     0.00189577     0.00103295    -0.00458276    3.37942e-05    0.000778172     0.00116962    -0.00458261   -0.000678887    9.01407e-05    0.000160807    -0.00458275   -0.000366068     0.00147214     0.00096228     0.00437992     0.00354606     0.00409756     0.00422465     0.00233893     0.00409495      0.0049601     0.00498823     0.00505102     0.00510531       0.015281     0.00479741
      -0.004592    -0.00084314    0.000978084   -1.72894e-05    -0.00459199   -0.000413385     0.00180029    0.000294426    -0.00459183    9.44989e-05     0.00241735   -0.000869457    -0.00459184    -8.2931e-05     0.00129743   -3.73327e-05    -0.00459209    7.95095e-05     0.00167677    0.000673797    -0.00459195    0.000819903     0.00114785     1.0066e-05    -0.00459198    4.17836e-05    0.000432287    8.56798e-05    -0.00459193      -0.001216    0.000797399   -0.000159176     0.00404648     0.00376877     0.00420386     0.00431505      0.0041547     0.00204495     0.00497861     0.00505688     0.00517101     0.00519967     0.00479741      0.0152409
