      0.0121541    9.42601e-05   -0.000918133   -0.000133243      0.0073925    0.000292585     -0.0011153     0.00013484     0.00739316   -2.82384e-05    -0.00179341   -0.000427603     0.00739251   -4.77873e-05    -0.00132799    0.000157645     0.00739254     -0.0003519    -0.00184857   -1.35374e-05     0.00739235   -0.000111915    -0.00155097    0.000834764     0.00739256    0.000397327    -0.00121013    0.000330632     0.00739304   -9.06538e-06    -0.00158782   -0.000337683    -0.00790467    -0.00803076    -0.00754322    -0.00764116    -0.00772447    -0.00761569    -0.00811521     -0.0081147    -0.00792715    -0.00796484    -0.00808599    -0.00799959
    9.42601e-05      0.0143707    1.00156e-05   -0.000570352    9.42545e-05   -7.49369e-05   -1.52048e-05    1.78126e-05    9.43178e-05   -2.80997e-06    2.65308e-05   -3.54105e-06    9.42686e-05     0.00017615   -0.000114857    1.11001e-06    9.42696e-05   -8.47797e-05   -2.41753e-05     0.00016097    9.42471e-05    6.05901e-05   -0.000317749    0.000430419    9.42939e-05    -3.3373e-05   -0.000152977   -0.000173914    9.42981e-05   -9.82721e-05    0.000122779    0.000208432    0.000638485   -0.000525391    0.000354062   -2.11298e-05   -0.000423528   -0.000227031    0.000499113   -0.000681545    0.000268268   -0.000157913    -0.00055039   -0.000361827
   -0.000918133    1.00156e-05      0.0239519    5.99668e-05   -0.000918148    0.000257189    0.000458836   -0.000282985    -0.00091822    0.000264684    0.000171494    0.000461896   -0.000918067   -8.35829e-06   -0.000199847      0.0001104     -0.0009181    0.000206965    0.000224572    3.70274e-06    -0.00091811    -4.5629e-05    6.42374e-05   -0.000345045   -0.000918104    5.37138e-05    0.000136067    0.000264254   -0.000918222      4.577e-05    0.000447907   -0.000166827     0.00117411    0.000908939    4.95252e-05     0.00208001     0.00066357    0.000912834     0.00134996    0.000750918    0.000146515     0.00217145    0.000634468    0.000915852
   -0.000133243   -0.000570352    5.99668e-05       0.033165   -0.000133226    6.46524e-05   -0.000528177   -7.89234e-05   -0.000133286    0.000178736    0.000124604    1.57208e-05   -0.000133257   -0.000453159   -1.68523e-05    0.000394447   -0.000133322   -2.98382e-05    0.000181655    6.37804e-05   -0.000133251   -5.60598e-05    0.000538341    0.000178234   -0.000133366    1.54373e-06    0.000332236   -0.000458846   -0.000133235      0.0002183   -0.000436329   -0.000202785   -0.000419445     0.00130337    0.000391402     0.00017403    -0.00100713     0.00108263   -0.000532057     0.00100086   -7.16546e-05    0.000271295    -0.00130881    0.000855051
      0.0073925    9.42545e-05   -0.000918148   -0.000133226      0.0121547    0.000292615     -0.0011153    0.000134842     0.00739341   -2.82092e-05    -0.00179344    -0.00042759     0.00739276   -4.77759e-05    -0.00132806    0.000157671     0.00739279   -0.000351874    -0.00184864   -1.35415e-05      0.0073926     -0.0001119    -0.00155099    0.000834821     0.00739281    0.000397324    -0.00121015    0.000330661     0.00739329   -9.02474e-06    -0.00158785   -0.000337746    -0.00790487    -0.00803081     -0.0075434     -0.0076413    -0.00772457    -0.00761583    -0.00811535    -0.00811504    -0.00792786    -0.00796536    -0.00808642    -0.00799984
    0.000292585   -7.49369e-05    0.000257189    6.46524e-05    0.000292615      0.0143999    0.000200549   -0.000618809    0.000292615    0.000166735   -0.000133238    0.000228984    0.000292663   -8.03882e-05   -0.000258472    8.11397e-05    0.000292644    0.000122408   -0.000101956   -8.11646e-05    0.000292624   -7.04111e-05    -2.0158e-05    -0.00032797    0.000292629     0.00010869    -9.3955e-06    0.000301525    0.000292619    7.90998e-05     2.9072e-05   -0.000238593   -0.000430422    -0.00025068   -0.000965968    0.000496495   -0.000244453   -8.87829e-05   -0.000524227   -0.000380025    -0.00112113    0.000376648   -0.000381868   -0.000215841
     -0.0011153   -1.52048e-05    0.000458836   -0.000528177     -0.0011153    0.000200549      0.0244976     -9.635e-05    -0.00111545    9.28818e-05    0.000176816    0.000257199    -0.00111523    0.000363138   -0.000150429   -0.000293514    -0.00111522    0.000261448    -1.9678e-05    -0.00020737    -0.00111527    2.37161e-05   -0.000145826   -0.000668028     -0.0011152    7.81562e-06   -3.87968e-05    0.000627491    -0.00111542    1.31023e-05    0.000744073   -0.000152382     0.00169433   -1.98359e-05    2.31071e-06     0.00169005     0.00231967     0.00135348     0.00172958   -1.79833e-05   -9.04621e-05     0.00183424     0.00237701     0.00141131
     0.00013484    1.78126e-05   -0.000282985   -7.89234e-05    0.000134842   -0.000618809     -9.635e-05      0.0326043    0.000134844    -0.00016128    -2.3952e-05   -0.000276206    0.000134817     5.8387e-05    0.000146966   -0.000119893    0.000134837   -0.000119379   -9.02367e-05   -1.82892e-05    0.000134824    3.35662e-05    -2.9883e-05    0.000118271    0.000134848   -3.22067e-05   -7.33289e-05   -0.000142663    0.000134878   -3.68298e-05   -0.000150361    0.000159563   -0.000252257   -0.000124774    0.000646264    -0.00072527    0.000106262    0.000144505   -0.000347281   -0.000631226    0.000155181   -0.000796017    0.000179552    -5.0783e-05
     0.00739316    9.43178e-05    -0.00091822   -0.000133286     0.00739341    0.000292615    -0.00111545    0.000134844       0.012156   -2.82273e-05    -0.00179361   -0.000427593     0.00739342   -4.77409e-05    -0.00132816     0.00015768     0.00739345   -0.000351926    -0.00184876   -1.34826e-05     0.00739326   -0.000111904    -0.00155122    0.000834963     0.00739347    0.000397363     -0.0012103    0.000330681     0.00739395   -9.08632e-06    -0.00158795   -0.000337676    -0.00790561    -0.00803154      -0.007544    -0.00764196     -0.0077252    -0.00761642    -0.00811579    -0.00811584    -0.00792826    -0.00796594    -0.00808732    -0.00800121
   -2.82384e-05   -2.80997e-06    0.000264684    0.000178736   -2.82092e-05    0.000166735    9.28818e-05    -0.00016128   -2.82273e-05      0.0143558    4.70542e-05    -0.00024004   -2.81914e-05   -6.35229e-05    -0.00022857    0.000168455   -2.82195e-05    0.000110625    2.21622e-05    2.10163e-05   -2.82143e-05   -1.07899e-05     5.2513e-05    5.45367e-06   -2.82292e-05    1.61417e-05    8.42138e-05    4.27326e-05   -2.82321e-05    0.000106825    7.65667e-05   -0.000204178    0.000301958      0.0002603   -0.000526985    0.000557973   -0.000370774    0.000312289    0.000215466    0.000128638   -0.000654457    0.000447499   -0.000488152    0.000194582
    -0.00179341    2.65308e-05    0.000171494    0.000124604    -0.00179344   -0.000133238    0.000176816    -2.3952e-05    -0.00179361    4.70542e-05      0.0239404     6.2922e-05     -0.0017935    5.62958e-05    0.000284312    4.53927e-05    -0.00179351    9.91226e-05    0.000463979     7.4407e-05    -0.00179344    0.000108617    0.000425227    0.000185774    -0.00179351   -0.000209145    0.000367693   -0.000309828     -0.0017936    7.93903e-05    0.000384553    2.15714e-05     0.00239713     0.00215991     0.00176927     0.00134634     0.00159266     0.00201841     0.00250195     0.00221098     0.00175547     0.00147114     0.00158225      0.0021619
   -0.000427603   -3.54105e-06    0.000461896    1.57208e-05    -0.00042759    0.000228984    0.000257199   -0.000276206   -0.000427593    -0.00024004     6.2922e-05       0.032876    -0.00042753   -9.43451e-06    -0.00015591    0.000123377   -0.000427548    0.000210389    0.000190201    3.57652e-05   -0.000427548   -3.62286e-05    1.38193e-06   -0.000251444   -0.000427543    5.59585e-05    9.31092e-05    0.000327199   -0.000427644    1.26489e-05    0.000363865   -0.000152406    0.000785318    0.000752767   -0.000216555     0.00159378    0.000398201    1.87573e-05    0.000758796    0.000662186   -0.000459811     0.00130912    0.000101917   -0.000198488
     0.00739251    9.42686e-05   -0.000918067   -0.000133257     0.00739276    0.000292663    -0.00111523    0.000134817     0.00739342   -2.81914e-05     -0.0017935    -0.00042753      0.0121547   -4.77691e-05     -0.0013281    0.000157657      0.0073928   -0.000351869    -0.00184864   -1.35429e-05     0.00739261   -0.000111926    -0.00155106    0.000834702     0.00739282    0.000397372    -0.00121019    0.000330751      0.0073933   -9.05865e-06    -0.00158781   -0.000337713    -0.00790494    -0.00803075    -0.00754351    -0.00764137     -0.0077246    -0.00761552    -0.00811542    -0.00811545    -0.00792779    -0.00796472    -0.00808636    -0.00800035
   -4.77873e-05     0.00017615   -8.35829e-06   -0.000453159   -4.77759e-05   -8.03882e-05    0.000363138     5.8387e-05   -4.77409e-05   -6.35229e-05    5.62958e-05   -9.43451e-06   -4.77691e-05       0.014547   -7.19455e-05   -0.000660097   -4.77359e-05    1.93324e-05   -0.000100289    5.23327e-05   -4.77799e-05    0.000110287   -0.000402441     0.00023517   -4.76953e-05   -7.89702e-05   -0.000200184    0.000110753   -4.77767e-05   -0.000106191    0.000370799    0.000153391     0.00107166   -0.000661718    4.56141e-05    -0.00016427    0.000597623   -0.000223069    0.000950073   -0.000794278   -1.63038e-05   -0.000286449    0.000485377   -0.000375342
    -0.00132799   -0.000114857   -0.000199847   -1.68523e-05    -0.00132806   -0.000258472   -0.000150429    0.000146966    -0.00132816    -0.00022857    0.000284312    -0.00015591     -0.0013281   -7.19455e-05      0.0240202   -0.000140333    -0.00132808   -3.50059e-05    0.000426941   -2.70063e-05    -0.00132802     1.3414e-05     0.00045679   -0.000214953    -0.00132807   -9.80158e-05    0.000262078   -0.000136616    -0.00132814   -8.26344e-05    6.73474e-05     0.00024028    0.000755035     0.00203425     0.00206812    0.000733726     0.00180096    0.000941639    0.000945385     0.00193702     0.00215076    0.000729941     0.00196307    0.000946542
    0.000157645    1.11001e-06      0.0001104    0.000394447    0.000157671    8.11397e-05   -0.000293514   -0.000119893     0.00015768    0.000168455    4.53927e-05    0.000123377    0.000157657   -0.000660097   -0.000140333       0.032687    0.000157619     2.1764e-05    7.41935e-05    9.88934e-05    0.000157658   -9.68494e-06     0.00016683    0.000254202    0.000157599   -3.98403e-06     0.00014149   -0.000222054    0.000157676    0.000118072   -0.000166828    -0.00014613    7.07026e-05    0.000462915   -0.000311406    0.000245941     -0.0010244    0.000241227    -0.00031579     0.00039658   -0.000376747   -0.000167834    -0.00112851     -7.932e-05
     0.00739254    9.42696e-05     -0.0009181   -0.000133322     0.00739279    0.000292644    -0.00111522    0.000134837     0.00739345   -2.82195e-05    -0.00179351   -0.000427548      0.0073928   -4.77359e-05    -0.00132808    0.000157619      0.0121547    -0.00035187    -0.00184866   -1.35529e-05     0.00739264    -0.00011192    -0.00155109    0.000834695     0.00739285    0.000397366    -0.00121022    0.000330781     0.00739333   -9.07744e-06    -0.00158779   -0.000337694    -0.00790492    -0.00803076    -0.00754351     -0.0076414    -0.00772457     -0.0076158    -0.00811544    -0.00811556    -0.00792781    -0.00796489    -0.00808618    -0.00800034
     -0.0003519   -8.47797e-05    0.000206965   -2.98382e-05   -0.000351874    0.000122408    0.000261448   -0.000119379   -0.000351926    0.000110625    9.91226e-05    0.000210389   -0.000351869    1.93324e-05   -3.50059e-05     2.1764e-05    -0.00035187      0.0143406    7.93668e-05   -0.000530831   -0.000351862    8.23437e-06    0.000131967   -0.000231797   -0.000351872   -1.94233e-05    0.000127424    0.000241211   -0.000351944    8.43533e-05     0.00022304   -0.000210324      0.0005817    0.000701347   -0.000362597    0.000617428    0.000663345    0.000339231     0.00051948    0.000593388   -0.000470215    0.000518179    0.000578722     0.00024178
    -0.00184857   -2.41753e-05    0.000224572    0.000181655    -0.00184864   -0.000101956    -1.9678e-05   -9.02367e-05    -0.00184876    2.21622e-05    0.000463979    0.000190201    -0.00184864   -0.000100289    0.000426941    7.41935e-05    -0.00184866    7.93668e-05      0.0239798    9.32853e-05    -0.00184858    1.54062e-05    0.000478151   -8.70875e-05    -0.00184866   -0.000104714    0.000382571    -0.00018206    -0.00184877   -2.54612e-05    0.000332208    0.000127547     0.00191043      0.0025695      0.0021653     0.00196888     0.00154215      0.0014556     0.00199346     0.00264585     0.00214787     0.00208098     0.00164439     0.00154849
   -1.35374e-05     0.00016097    3.70274e-06    6.37804e-05   -1.35415e-05   -8.11646e-05    -0.00020737   -1.82892e-05   -1.34826e-05    2.10163e-05     7.4407e-05    3.57652e-05   -1.35429e-05    5.23327e-05   -2.70063e-05    9.88934e-05   -1.35529e-05   -0.000530831    9.32853e-05      0.0325893   -1.35424e-05    4.99147e-05   -0.000132185    0.000451652   -1.35381e-05   -4.65551e-05   -2.97808e-05   -0.000250378   -1.35145e-05    -6.1589e-05    3.95254e-05    0.000165769    0.000624458    5.46637e-05    0.000488284    7.92723e-05   -0.000423531   -0.000113317    0.000405379    1.41529e-05    0.000389592   -0.000111807   -0.000779087   -0.000425079
     0.00739235    9.42471e-05    -0.00091811   -0.000133251      0.0073926    0.000292624    -0.00111527    0.000134824     0.00739326   -2.82143e-05    -0.00179344   -0.000427548     0.00739261   -4.77799e-05    -0.00132802    0.000157658     0.00739264   -0.000351862    -0.00184858   -1.35424e-05      0.0121544   -0.000111915    -0.00155098    0.000834731     0.00739266    0.000397341    -0.00121014    0.000330723     0.00739314   -9.05336e-06     -0.0015878   -0.000337718    -0.00790455    -0.00803081    -0.00754313    -0.00764119    -0.00772444    -0.00761566    -0.00811548    -0.00811473    -0.00792775    -0.00796488    -0.00808609    -0.00799999
   -0.000111915    6.05901e-05    -4.5629e-05   -5.60598e-05     -0.0001119   -7.04111e-05    2.37161e-05    3.35662e-05   -0.000111904   -1.07899e-05    0.000108617   -3.62286e-05   -0.000111926    0.000110287     1.3414e-05   -9.68494e-06    -0.00011192    8.23437e-06    1.54062e-05    4.99147e-05   -0.000111915      0.0142275   -3.45291e-05    -0.00021873   -0.000111907   -8.27772e-05    1.06375e-05    -0.00010462   -0.000111917    1.04216e-05    8.86954e-05      2.739e-05    0.000617362    0.000147983    0.000156792   -0.000195502    0.000150541    0.000176808    0.000506692    3.51217e-05    6.74075e-05   -0.000305078    4.06871e-05    5.09622e-05
    -0.00155097   -0.000317749    6.42374e-05    0.000538341    -0.00155099    -2.0158e-05   -0.000145826    -2.9883e-05    -0.00155122     5.2513e-05    0.000425227    1.38193e-06    -0.00155106   -0.000402441     0.00045679     0.00016683    -0.00155109    0.000131967    0.000478151   -0.000132185    -0.00155098   -3.45291e-05      0.0243459   -0.000395698    -0.00155115   -9.91027e-05     0.00060654   -0.000211073    -0.00155116    0.000242641   -0.000110916   -0.000265574    0.000629644     0.00295226     0.00125403     0.00122482     0.00143891     0.00223275    0.000791594     0.00298391     0.00127884     0.00123557      0.0014954     0.00234421
    0.000834764    0.000430419   -0.000345045    0.000178234    0.000834821    -0.00032797   -0.000668028    0.000118271    0.000834963    5.45367e-06    0.000185774   -0.000251444    0.000834702     0.00023517   -0.000214953    0.000254202    0.000834695   -0.000231797   -8.70875e-05    0.000451652    0.000834731    -0.00021873   -0.000395698      0.0341078    0.000834732   -0.000265475   -0.000132105   -0.000947102    0.000834892   -1.02613e-05    -0.00016851    0.000264325     0.00115129     -0.0008879    0.000209021    -0.00197489    -0.00227888   -0.000761171    0.000624951   -0.000793856   -8.46746e-05    -0.00232396    -0.00265006    -0.00088676
     0.00739256    9.42939e-05   -0.000918104   -0.000133366     0.00739281    0.000292629     -0.0011152    0.000134848     0.00739347   -2.82292e-05    -0.00179351   -0.000427543     0.00739282   -4.76953e-05    -0.00132807    0.000157599     0.00739285   -0.000351872    -0.00184866   -1.35381e-05     0.00739266   -0.000111907    -0.00155115    0.000834732      0.0121548    0.000397356    -0.00121024    0.000330785     0.00739335   -9.09782e-06    -0.00158776   -0.000337657    -0.00790505    -0.00803075    -0.00754337    -0.00764151    -0.00772465    -0.00761576    -0.00811513     -0.0081157    -0.00792792    -0.00796487    -0.00808608    -0.00800061
    0.000397327    -3.3373e-05    5.37138e-05    1.54373e-06    0.000397324     0.00010869    7.81562e-06   -3.22067e-05    0.000397363    1.61417e-05   -0.000209145    5.59585e-05    0.000397372   -7.89702e-05   -9.80158e-05   -3.98403e-06    0.000397366   -1.94233e-05   -0.000104714   -4.65551e-05    0.000397341   -8.27772e-05   -9.91027e-05   -0.000265475    0.000397356      0.0142858   -0.000104212   -0.000273485    0.000397377   -3.60064e-05   -0.000101029   -4.49447e-06   -0.000788277   -0.000529859   -0.000326932    0.000183363    -0.00027252   -0.000404935   -0.000935505   -0.000647129   -0.000477192     6.8206e-05   -0.000406366   -0.000533946
    -0.00121013   -0.000152977    0.000136067    0.000332236    -0.00121015    -9.3955e-06   -3.87968e-05   -7.33289e-05     -0.0012103    8.42138e-05    0.000367693    9.31092e-05    -0.00121019   -0.000200184    0.000262078     0.00014149    -0.00121022    0.000127424    0.000382571   -2.97808e-05    -0.00121014    1.06375e-05     0.00060654   -0.000132105    -0.00121024   -0.000104212      0.0237837   -0.000161321    -0.00121028    0.000155794    7.35249e-05   -0.000173979     0.00105284     0.00216949    0.000878494     0.00099575    0.000975114     0.00151579     0.00106025     0.00216453     0.00093395     0.00112213     0.00103824     0.00158999
    0.000330632   -0.000173914    0.000264254   -0.000458846    0.000330661    0.000301525    0.000627491   -0.000142663    0.000330681    4.27326e-05   -0.000309828    0.000327199    0.000330751    0.000110753   -0.000136616   -0.000222054    0.000330781    0.000241211    -0.00018206   -0.000250378    0.000330723    -0.00010462   -0.000211073   -0.000947102    0.000330785   -0.000273485   -0.000161321      0.0333474     0.00033065   -5.07461e-05     0.00031014    -0.00021413   -0.000577825   -0.000648301    -0.00122418    0.000760051     0.00119459   -0.000886167    -0.00083343   -0.000659837    -0.00162506    0.000513822    0.000901595    -0.00111678
     0.00739304    9.42981e-05   -0.000918222   -0.000133235     0.00739329    0.000292619    -0.00111542    0.000134878     0.00739395   -2.82321e-05     -0.0017936   -0.000427644      0.0073933   -4.77767e-05    -0.00132814    0.000157676     0.00739333   -0.000351944    -0.00184877   -1.35145e-05     0.00739314   -0.000111917    -0.00155116    0.000834892     0.00739335    0.000397377    -0.00121028     0.00033065      0.0121557   -9.06576e-06    -0.00158799   -0.000337678    -0.00790537    -0.00803119    -0.00754388    -0.00764192    -0.00772522    -0.00761613    -0.00811615    -0.00811612    -0.00792804    -0.00796571    -0.00808707    -0.00800076
   -9.06538e-06   -9.82721e-05      4.577e-05      0.0002183   -9.02474e-06    7.90998e-05    1.31023e-05   -3.68298e-05   -9.08632e-06    0.000106825    7.93903e-05    1.26489e-05   -9.05865e-06   -0.000106191   -8.26344e-05    0.000118072   -9.07744e-06    8.43533e-05   -2.54612e-05    -6.1589e-05   -9.05336e-06    1.04216e-05    0.000242641   -1.02613e-05   -9.09782e-06   -3.60064e-05    0.000155794   -5.07461e-05   -9.06576e-06      0.0143326   -9.59782e-05   -0.000718693   -1.02945e-05     0.00043121   -0.000485949    -9.0259e-05   -9.45066e-05    0.000658105   -8.84547e-05    0.000310423   -0.000614468   -0.000222541   -0.000209784     0.00054939
    -0.00158782    0.000122779    0.000447907   -0.000436329    -0.00158785     2.9072e-05    0.000744073   -0.000150361    -0.00158795    7.65667e-05    0.000384553    0.000363865    -0.00158781    0.000370799    6.73474e-05   -0.000166828    -0.00158779     0.00022304    0.000332208    3.95254e-05     -0.0015878    8.86954e-05   -0.000110916    -0.00016851    -0.00158776   -0.000101029    7.35249e-05     0.00031014    -0.00158799   -9.59782e-05      0.0242308     8.1056e-05     0.00274285     0.00110952     0.00105388     0.00206772     0.00213215    0.000899031     0.00278117     0.00114999     0.00106899     0.00208797     0.00218304     0.00105812
   -0.000337683    0.000208432   -0.000166827   -0.000202785   -0.000337746   -0.000238593   -0.000152382    0.000159563   -0.000337676   -0.000204178    2.15714e-05   -0.000152406   -0.000337713    0.000153391     0.00024028    -0.00014613   -0.000337694   -0.000210324    0.000127547    0.000165769   -0.000337718      2.739e-05   -0.000265574    0.000264325   -0.000337657   -4.49447e-06   -0.000173979    -0.00021413   -0.000337678   -0.000718693     8.1056e-05      0.0329252    0.000490543   -4.00762e-05     0.00181194    0.000302547    0.000331789   -5.48193e-05    0.000474489   -0.000415654     0.00149472    0.000159365    0.000256662   -0.000452566
    -0.00790467    0.000638485     0.00117411   -0.000419445    -0.00790487   -0.000430422     0.00169433   -0.000252257    -0.00790561    0.000301958     0.00239713    0.000785318    -0.00790494     0.00107166    0.000755035    7.07026e-05    -0.00790492      0.0005817     0.00191043    0.000624458    -0.00790455    0.000617362    0.000629644     0.00115129    -0.00790505   -0.000788277     0.00105284   -0.000577825    -0.00790537   -1.02945e-05     0.00274285    0.000490543      0.0202318     0.00805162     0.00776921     0.00791603     0.00790381     0.00776207     0.00556932     0.00733957      0.0074539     0.00709067     0.00740175     0.00721516
    -0.00803076   -0.000525391    0.000908939     0.00130337    -0.00803081    -0.00025068   -1.98359e-05   -0.000124774    -0.00803154      0.0002603     0.00215991    0.000752767    -0.00803075   -0.000661718     0.00203425    0.000462915    -0.00803076    0.000701347      0.0025695    5.46637e-05    -0.00803081    0.000147983     0.00295226     -0.0008879    -0.00803075   -0.000529859     0.00216949   -0.000648301    -0.00803119     0.00043121     0.00110952   -4.00762e-05     0.00805162      0.0204613     0.00788896     0.00795359     0.00791955     0.00811848     0.00757489     0.00551616     0.00741105     0.00742624     0.00745938      0.0075355
    -0.00754322    0.000354062    4.95252e-05    0.000391402     -0.0075434   -0.000965968    2.31071e-06    0.000646264      -0.007544   -0.000526985     0.00176927   -0.000216555    -0.00754351    4.56141e-05     0.00206812   -0.000311406    -0.00754351   -0.000362597      0.0021653    0.000488284    -0.00754313    0.000156792     0.00125403    0.000209021    -0.00754337   -0.000326932    0.000878494    -0.00122418    -0.00754388   -0.000485949     0.00105388     0.00181194     0.00776921     0.00788896      0.0196006     0.00724893     0.00755551       0.007487     0.00695634     0.00718796     0.00483237     0.00694488     0.00674368     0.00686954
    -0.00764116   -2.11298e-05     0.00208001     0.00017403     -0.0076413    0.000496495     0.00169005    -0.00072527    -0.00764196    0.000557973     0.00134634     0.00159378    -0.00764137    -0.00016427    0.000733726    0.000245941     -0.0076414    0.000617428     0.00196888    7.92723e-05    -0.00764119   -0.000195502     0.00122482    -0.00197489    -0.00764151    0.000183363     0.00099575    0.000760051    -0.00764192    -9.0259e-05     0.00206772    0.000302547     0.00791603     0.00795359     0.00724893      0.0198567     0.00775506     0.00757519     0.00699956     0.00709007     0.00691329     0.00458596     0.00735657     0.00709571
    -0.00772447   -0.000423528     0.00066357    -0.00100713    -0.00772457   -0.000244453     0.00231967    0.000106262     -0.0077252   -0.000370774     0.00159266    0.000398201     -0.0077246    0.000597623     0.00180096     -0.0010244    -0.00772457    0.000663345     0.00154215   -0.000423531    -0.00772444    0.000150541     0.00143891    -0.00227888    -0.00772465    -0.00027252    0.000975114     0.00119459    -0.00772522   -9.45066e-05     0.00213215    0.000331789     0.00790381     0.00791955     0.00755551     0.00775506      0.0198818     0.00761707     0.00727114     0.00717498     0.00684108     0.00733408     0.00513725     0.00701164
    -0.00761569   -0.000227031    0.000912834     0.00108263    -0.00761583   -8.87829e-05     0.00135348    0.000144505    -0.00761642    0.000312289     0.00201841    1.87573e-05    -0.00761552   -0.000223069    0.000941639    0.000241227     -0.0076158    0.000339231      0.0014556   -0.000113317    -0.00761566    0.000176808     0.00223275   -0.000761171    -0.00761576   -0.000404935     0.00151579   -0.000886167    -0.00761613    0.000658105    0.000899031   -5.48193e-05     0.00776207     0.00811848       0.007487     0.00757519     0.00761707      0.0194476     0.00721714     0.00708233     0.00674942     0.00697562     0.00704865     0.00493058
    -0.00811521    0.000499113     0.00134996   -0.000532057    -0.00811535   -0.000524227     0.00172958   -0.000347281    -0.00811579    0.000215466     0.00250195    0.000758796    -0.00811542    0.000950073    0.000945385    -0.00031579    -0.00811544     0.00051948     0.00199346    0.000405379    -0.00811548    0.000506692    0.000791594    0.000624951    -0.00811513   -0.000935505     0.00106025    -0.00083343    -0.00811615   -8.84547e-05     0.00278117    0.000474489     0.00556932     0.00757489     0.00695634     0.00699956     0.00727114     0.00721714      0.0200291     0.00835243     0.00832566     0.00839116     0.00845975     0.00832543
     -0.0081147   -0.000681545    0.000750918     0.00100086    -0.00811504   -0.000380025   -1.79833e-05   -0.000631226    -0.00811584    0.000128638     0.00221098    0.000662186    -0.00811545   -0.000794278     0.00193702     0.00039658    -0.00811556    0.000593388     0.00264585    1.41529e-05    -0.00811473    3.51217e-05     0.00298391   -0.000793856     -0.0081157   -0.000647129     0.00216453   -0.000659837    -0.00811612    0.000310423     0.00114999   -0.000415654     0.00733957     0.00551616     0.00718796     0.00709007     0.00717498     0.00708233     0.00835243      0.0201026     0.00833289     0.00834332     0.00835573     0.00858364
    -0.00792715    0.000268268    0.000146515   -7.16546e-05    -0.00792786    -0.00112113   -9.04621e-05    0.000155181    -0.00792826   -0.000654457     0.00175547   -0.000459811    -0.00792779   -1.63038e-05     0.00215076   -0.000376747    -0.00792781   -0.000470215     0.00214787    0.000389592    -0.00792775    6.74075e-05     0.00127884   -8.46746e-05    -0.00792792   -0.000477192     0.00093395    -0.00162506    -0.00792804   -0.000614468     0.00106899     0.00149472      0.0074539     0.00741105     0.00483237     0.00691329     0.00684108     0.00674942     0.00832566     0.00833289      0.0197984     0.00790546     0.00829146     0.00820685
    -0.00796484   -0.000157913     0.00217145    0.000271295    -0.00796536    0.000376648     0.00183424   -0.000796017    -0.00796594    0.000447499     0.00147114     0.00130912    -0.00796472   -0.000286449    0.000729941   -0.000167834    -0.00796489    0.000518179     0.00208098   -0.000111807    -0.00796488   -0.000305078     0.00123557    -0.00232396    -0.00796487     6.8206e-05     0.00112213    0.000513822    -0.00796571   -0.000222541     0.00208797    0.000159365     0.00709067     0.00742624     0.00694488     0.00458596     0.00733408     0.00697562     0.00839116     0.00834332     0.00790546      0.0199097     0.00839538     0.00823261
    -0.00808599    -0.00055039    0.000634468    -0.00130881    -0.00808642   -0.000381868     0.00237701    0.000179552    -0.00808732   -0.000488152     0.00158225    0.000101917    -0.00808636    0.000485377     0.00196307    -0.00112851    -0.00808618    0.000578722     0.00164439   -0.000779087    -0.00808609    4.06871e-05      0.0014954    -0.00265006    -0.00808608   -0.000406366     0.00103824    0.000901595    -0.00808707   -0.000209784     0.00218304    0.000256662     0.00740175     0.00745938     0.00674368     0.00735657     0.00513725     0.00704865     0.00845975     0.00835573     0.00829146     0.00839538       0.020103     0.00833773
    -0.00799959   -0.000361827    0.000915852    0.000855051    -0.00799984   -0.000215841     0.00141131    -5.0783e-05    -0.00800121    0.000194582      0.0021619   -0.000198488    -0.00800035   -0.000375342    0.000946542     -7.932e-05    -0.00800034     0.00024178     0.00154849   -0.000425079    -0.00799999    5.09622e-05     0.00234421    -0.00088676    -0.00800061   -0.000533946     0.00158999    -0.00111678    -0.00800076     0.00054939     0.00105812   -0.000452566     0.00721516      0.0075355     0.00686954     0.00709571     0.00701164     0.00493058     0.00832543     0.00858364     0.00820685     0.00823261     0.00833773      0.0196466
