      0.0117025   -0.000297172    -0.00105139    5.74455e-05     0.00614526   -9.18508e-05    -0.00158314    0.000362146     0.00614694   -0.000395378    -0.00112406    1.75821e-05     0.00614647     0.00101742    -0.00032444   -0.000876786     0.00614644    0.000283022    -0.00143427    0.000202254     0.00614753   -0.000156785     -0.0017464    0.000415136     0.00614694    -0.00054165    -0.00120776    0.000368364     0.00614682   -0.000391895   -0.000854743    0.000646166    -0.00533037    -0.00536981    -0.00545876    -0.00560546    -0.00511045    -0.00563898    -0.00590523    -0.00556729    -0.00620176    -0.00604029    -0.00597664     -0.0057795
   -0.000297172      0.0168213   -0.000100821   -0.000807542   -0.000297015    8.77321e-05   -3.94703e-05    0.000105856   -0.000297075    0.000331221    4.27105e-07   -0.000427461   -0.000297109   -0.000231205    0.000486408    0.000378044   -0.000297214    6.60008e-05    0.000162255   -0.000403981   -0.000297252   -2.46597e-05    0.000116051    0.000157784   -0.000297227    0.000134756   -3.15581e-05   -0.000126012   -0.000297161    8.63257e-05    9.78122e-05   -0.000361968    6.70519e-05    0.000212647    0.000855743    0.000671246   -0.000478373     0.00082933   -0.000147406   -2.70343e-05    0.000764531    0.000552377   -0.000639584    0.000664058
    -0.00105139   -0.000100821      0.0277664    0.000148526    -0.00105124    1.74848e-05    0.000387436    0.000166529    -0.00105159   -9.52152e-05    0.000153789    0.000114492    -0.00105148    0.000142889    1.81759e-05    2.30542e-05    -0.00105141   -0.000237298    0.000325461    7.60834e-05    -0.00105158   -0.000136009    0.000265674   -5.60095e-05    -0.00105151   -0.000104778    7.59684e-05    7.82504e-05    -0.00105144     2.0006e-05   -0.000299032    0.000236781    0.000118262     0.00110752    0.000925092     0.00110702     0.00180964    0.000362962    0.000210239     0.00120852     0.00120985     0.00128023     0.00183017    0.000451162
    5.74455e-05   -0.000807542    0.000148526      0.0393678    5.75658e-05   -0.000278324   -0.000436919     1.3589e-05    5.76216e-05   -0.000257502   -0.000210541   -0.000672597    5.77009e-05   -0.000203465    -0.00102702    0.000353676    5.78582e-05   -0.000162476     0.00079973    6.95926e-05     5.7786e-05   -0.000150896    0.000128397   -0.000268476    5.75682e-05   -0.000481162    0.000144737     0.00049088    5.74879e-05   -0.000320275   -0.000379996    0.000838391   -0.000578451   -0.000360771    -0.00141739    4.18027e-06     0.00132227     0.00181745    -0.00144114   -0.000623188    -0.00176256   -0.000243142     0.00137021     0.00134606
     0.00614526   -0.000297015    -0.00105124    5.75658e-05      0.0116992    -9.1773e-05    -0.00158285    0.000362048     0.00614528   -0.000395184    -0.00112377     1.7527e-05     0.00614481     0.00101712   -0.000324389   -0.000876262     0.00614478    0.000283204     -0.0014339    0.000202254     0.00614587   -0.000156677     -0.0017461    0.000415102     0.00614528   -0.000541391    -0.00120732    0.000368511     0.00614516   -0.000391797   -0.000854369    0.000646152     -0.0053272    -0.00536763    -0.00545734     -0.0056029    -0.00510837    -0.00563589    -0.00590498    -0.00556576    -0.00620094    -0.00603936    -0.00597649    -0.00577893
   -9.18508e-05    8.77321e-05    1.74848e-05   -0.000278324    -9.1773e-05      0.0171509   -0.000124237   -0.000952552   -9.17714e-05    -7.7128e-05   -5.82208e-05    0.000521849   -9.18817e-05   -0.000363284    0.000454135    0.000375818   -9.19812e-05    0.000119443   -0.000375852   -0.000386038   -9.20697e-05    1.08539e-05   -0.000516986      0.0005809   -9.19661e-05    0.000324405    0.000151655   -2.49586e-05   -9.20157e-05    9.06422e-05    -2.9901e-05    0.000389624    0.000478302   -0.000341779    9.33986e-06     0.00163765   -0.000171495   -0.000430101    0.000326319   -0.000644862   -0.000174774     0.00146784   -0.000361266   -0.000733837
    -0.00158314   -3.94703e-05    0.000387436   -0.000436919    -0.00158285   -0.000124237      0.0279028    3.62954e-05     -0.0015833    5.49482e-05    0.000404189     0.00030996    -0.00158312    5.24439e-05     0.00013401   -0.000253516     -0.0015831   -0.000232427    0.000204701    0.000229105    -0.00158334    7.51286e-05    0.000658167   -0.000254443    -0.00158316    0.000100841    0.000174619    -0.00030495    -0.00158303    0.000185367    0.000209907    -0.00046868     0.00152129     0.00166048     0.00212734    0.000699363     0.00164792    0.000827135     0.00173844     0.00153845     0.00220253     0.00104341     0.00179892    0.000711787
    0.000362146    0.000105856    0.000166529     1.3589e-05    0.000362048   -0.000952552    3.62954e-05      0.0382197    0.000362056    0.000210556   -8.98197e-05    -0.00056297    0.000362068    0.000465952    0.000197282   -9.96433e-05    0.000362053   -0.000112202    0.000253176    7.96795e-06    0.000362173   -0.000179801    0.000211752   -0.000135982    0.000362069   -0.000264946   -0.000377028    7.03662e-05    0.000362216    -2.8275e-05   -0.000348066    -0.00025436    -0.00132916    0.000430123    0.000494924   -0.000481011   -0.000137338    0.000182298     -0.0016883    8.58694e-05    0.000367885      -0.001064    -0.00032968   -0.000467048
     0.00614694   -0.000297075    -0.00105159    5.76216e-05     0.00614528   -9.17714e-05     -0.0015833    0.000362056      0.0117025   -0.000395305     -0.0011241    1.74826e-05     0.00614649     0.00101721    -0.00032444   -0.000876527     0.00614646    0.000283171    -0.00143428    0.000202141     0.00614755   -0.000156723    -0.00174651    0.000415223     0.00614696   -0.000541549    -0.00120766    0.000368408     0.00614684   -0.000391898   -0.000854579    0.000646172    -0.00532894    -0.00536974    -0.00545918    -0.00560523    -0.00511142    -0.00563724    -0.00590614    -0.00556763    -0.00620202    -0.00604018    -0.00597653    -0.00578034
   -0.000395378    0.000331221   -9.52152e-05   -0.000257502   -0.000395184    -7.7128e-05    5.49482e-05    0.000210556   -0.000395305      0.0168911    5.35838e-05    -0.00117229   -0.000395305   -9.86609e-05    0.000460335    0.000287509    -0.00039541    8.01791e-05    0.000228004    -0.00029754   -0.000395431   -1.81994e-05    0.000253535    5.92701e-06   -0.000395403    9.94801e-05   -6.10182e-05   -0.000116086   -0.000395311    8.78808e-05    0.000155464   -0.000532265    9.38496e-05    0.000619224     0.00106862    0.000370978    -0.00048513    0.000953005   -9.67364e-05    0.000421401    0.000996623     0.00026948   -0.000619714    0.000815394
    -0.00112406    4.27105e-07    0.000153789   -0.000210541    -0.00112377   -5.82208e-05    0.000404189   -8.98197e-05     -0.0011241    5.35838e-05      0.0274435    0.000152304    -0.00112399   -0.000101673    2.24181e-05   -4.05878e-05    -0.00112397   -6.09752e-05     0.00015374    0.000114846    -0.00112416      8.948e-05    0.000392615   -0.000165794    -0.00112403    0.000123234    0.000216381   -0.000156903      -0.001124    0.000105081    0.000266629   -0.000276176     0.00132689     0.00106842     0.00107118     0.00067355     0.00100671    0.000756977     0.00138865     0.00114076     0.00135259    0.000757066    0.000994996    0.000891551
    1.75821e-05   -0.000427461    0.000114492   -0.000672597     1.7527e-05    0.000521849     0.00030996    -0.00056297    1.74826e-05    -0.00117229    0.000152304      0.0392827    1.74907e-05    3.89786e-05   -8.57599e-05   -0.000567249    1.74915e-05   -3.98157e-05    -0.00090356    0.000426996     1.7394e-05     0.00021464   -0.000458471    0.000297831    1.75656e-05    0.000311344    0.000221549   -0.000192448    1.74949e-05    0.000141738    0.000124695    0.000448392     0.00164914   -0.000166706   -9.94928e-05    0.000730595    0.000865658    -0.00174482     0.00156948   -0.000609658   -0.000474909    0.000128522    0.000469799    -0.00242546
     0.00614647   -0.000297109    -0.00105148    5.77009e-05     0.00614481   -9.18817e-05    -0.00158312    0.000362068     0.00614649   -0.000395305    -0.00112399    1.74907e-05      0.0117016     0.00101724   -0.000324584   -0.000876621     0.00614599    0.000283098     -0.0014341    0.000202324     0.00614708   -0.000156696    -0.00174625    0.000415084     0.00614649   -0.000541577    -0.00120759    0.000368425     0.00614637   -0.000391871   -0.000854544    0.000646143    -0.00532835    -0.00536891    -0.00545756    -0.00560463    -0.00511018    -0.00563761    -0.00590589    -0.00556746    -0.00620265    -0.00604052    -0.00597636    -0.00577911
     0.00101742   -0.000231205    0.000142889   -0.000203465     0.00101712   -0.000363284    5.24439e-05    0.000465952     0.00101721   -9.86609e-05   -0.000101673    3.89786e-05     0.00101724      0.0173561   -0.000159232    -0.00120113     0.00101723    4.77524e-06   -0.000221329    0.000494602     0.00101752   -0.000112799   -0.000153436   -0.000247003     0.00101741   -0.000292686   -0.000389225     0.00025931     0.00101749   -9.70309e-05   -0.000349292    6.87065e-05    -0.00131071    0.000396088    -0.00049753    -0.00155543   -0.000271766    -0.00155058     -0.0016194    0.000227868   -0.000859505      -0.001847   -0.000608896    -0.00171702
    -0.00032444    0.000486408    1.81759e-05    -0.00102702   -0.000324389    0.000454135     0.00013401    0.000197282    -0.00032444    0.000460335    2.24181e-05   -8.57599e-05   -0.000324584   -0.000159232      0.0284687    0.000381248   -0.000324752    6.22465e-05   -0.000225808   -0.000687428    -0.00032478   -6.99758e-05   -8.52073e-05     0.00055659   -0.000324662    0.000370255    -0.00019064    -0.00036677   -0.000324528    0.000265323    1.52829e-06   -0.000596243   -8.42838e-05   -3.65171e-05     0.00172437     0.00145418    -0.00116234   -0.000161373   -0.000142181     0.00020135     0.00193012     0.00130411    -0.00101285   -0.000423957
   -0.000876786    0.000378044    2.30542e-05    0.000353676   -0.000876262    0.000375818   -0.000253516   -9.96433e-05   -0.000876527    0.000287509   -4.05878e-05   -0.000567249   -0.000876621    -0.00120113    0.000381248      0.0386732   -0.000876705    0.000267319    0.000400979   -0.000663407    -0.00087691   -8.95473e-05   -0.000173943    0.000344471    -0.00087682     0.00022331    0.000287765    0.000268729   -0.000876865   -1.33891e-05    5.84997e-05    0.000282416    0.000391004    0.000883355    5.23677e-05     0.00210332    0.000233005     0.00194384   -4.49442e-05    0.000453154    0.000415712     0.00229066   -0.000388379     0.00142599
     0.00614644   -0.000297214    -0.00105141    5.78582e-05     0.00614478   -9.19812e-05     -0.0015831    0.000362053     0.00614646    -0.00039541    -0.00112397    1.74915e-05     0.00614599     0.00101723   -0.000324752   -0.000876705      0.0117015     0.00028299    -0.00143404    0.000202353     0.00614705   -0.000156717    -0.00174617    0.000414974     0.00614646    -0.00054168    -0.00120758    0.000368348     0.00614634   -0.000391922   -0.000854571    0.000646137    -0.00532862    -0.00536977    -0.00545945    -0.00560517    -0.00511041    -0.00563708     -0.0059056     -0.0055668    -0.00620106    -0.00604035     -0.0059754    -0.00577945
    0.000283022    6.60008e-05   -0.000237298   -0.000162476    0.000283204    0.000119443   -0.000232427   -0.000112202    0.000283171    8.01791e-05   -6.09752e-05   -3.98157e-05    0.000283098    4.77524e-06    6.22465e-05    0.000267319     0.00028299      0.0169004   -0.000226674   -0.000673475    0.000283066    4.41743e-05   -0.000438975    9.81886e-05    0.000283099    0.000174772    0.000103763    0.000308636    0.000283021   -5.08831e-05    0.000197093     0.00018446    0.000167777     0.00053419   -0.000762679    0.000182083   -0.000940506   -0.000119823   -5.67214e-05    0.000345197   -0.000974436    5.96838e-05    -0.00124151   -0.000288062
    -0.00143427    0.000162255    0.000325461     0.00079973     -0.0014339   -0.000375852    0.000204701    0.000253176    -0.00143428    0.000228004     0.00015374    -0.00090356     -0.0014341   -0.000221329   -0.000225808    0.000400979    -0.00143404   -0.000226674      0.0281923   -0.000135938    -0.00143425   -0.000118394    0.000795625   -0.000379264    -0.00143429   -0.000231709      0.0001586    6.47919e-05     -0.0014342   -5.06623e-05   -4.93885e-05   -0.000173012    7.73998e-05     0.00114044     0.00128768    0.000754845      0.0017198     0.00257035    0.000292504     0.00130418      0.0012805     0.00103471     0.00171098     0.00268684
    0.000202254   -0.000403981    7.60834e-05    6.95926e-05    0.000202254   -0.000386038    0.000229105    7.96795e-06    0.000202141    -0.00029754    0.000114846    0.000426996    0.000202324    0.000494602   -0.000687428   -0.000663407    0.000202353   -0.000673475   -0.000135938      0.0383892    0.000202434    9.78709e-05    0.000117461     -0.0004465    0.000202408   -0.000187016    1.21822e-05    0.000141958    0.000202406   -7.47462e-05    5.48163e-05    0.000122265    0.000724226    0.000718351   -0.000316018    -0.00110386    0.000928358    -0.00072396    2.02392e-06    0.000370095   -0.000897481    -0.00162686    0.000447663   -0.000676002
     0.00614753   -0.000297252    -0.00105158     5.7786e-05     0.00614587   -9.20697e-05    -0.00158334    0.000362173     0.00614755   -0.000395431    -0.00112416     1.7394e-05     0.00614708     0.00101752    -0.00032478    -0.00087691     0.00614705    0.000283066    -0.00143425    0.000202434      0.0117037   -0.000156762    -0.00174645    0.000414959     0.00614756   -0.000541796    -0.00120783    0.000368477     0.00614743   -0.000391995   -0.000854743    0.000646203    -0.00532981    -0.00537104    -0.00545926     -0.0056067    -0.00511097    -0.00563861    -0.00590666      -0.005567    -0.00620306    -0.00604117    -0.00597696    -0.00578002
   -0.000156785   -2.46597e-05   -0.000136009   -0.000150896   -0.000156677    1.08539e-05    7.51286e-05   -0.000179801   -0.000156723   -1.81994e-05      8.948e-05     0.00021464   -0.000156696   -0.000112799   -6.99758e-05   -8.95473e-05   -0.000156717    4.41743e-05   -0.000118394    9.78709e-05   -0.000156762      0.0166166    5.58386e-05   -0.000670408   -0.000156718    0.000117653    0.000116712   -0.000112248   -0.000156733    5.01318e-05    0.000252354   -0.000135593    0.000878025    0.000104027    0.000186824    2.13351e-05     6.7015e-05    0.000194884    0.000711181   -6.21954e-05   -8.35344e-06   -0.000174693   -0.000127642   -1.64277e-05
     -0.0017464    0.000116051    0.000265674    0.000128397     -0.0017461   -0.000516986    0.000658167    0.000211752    -0.00174651    0.000253535    0.000392615   -0.000458471    -0.00174625   -0.000153436   -8.52073e-05   -0.000173943    -0.00174617   -0.000438975    0.000795625    0.000117461    -0.00174645    5.58386e-05      0.0284164   -0.000538871    -0.00174639   -0.000123071     0.00010679   -0.000477542    -0.00174623    0.000146278    0.000253212   -0.000889219      0.0011864     0.00114999     0.00251572    0.000290011     0.00184063     0.00224893     0.00148068     0.00123826     0.00267017    0.000230707     0.00210896     0.00235444
    0.000415136    0.000157784   -5.60095e-05   -0.000268476    0.000415102      0.0005809   -0.000254443   -0.000135982    0.000415223    5.92701e-06   -0.000165794    0.000297831    0.000415084   -0.000247003     0.00055659    0.000344471    0.000414974    9.81886e-05   -0.000379264     -0.0004465    0.000414959   -0.000670408   -0.000538871       0.038247    0.000414995    0.000236347    -4.4099e-05    -4.2914e-05    0.000414964    7.57697e-05   -0.000155887    0.000280706   -0.000105313   -0.000719336    -0.00019763     0.00146121   -0.000679539    -0.00067583   -0.000656547    -0.00118923   -0.000288243     0.00053741   -0.000962143    -0.00103288
     0.00614694   -0.000297227    -0.00105151    5.75682e-05     0.00614528   -9.19661e-05    -0.00158316    0.000362069     0.00614696   -0.000395403    -0.00112403    1.75656e-05     0.00614649     0.00101741   -0.000324662    -0.00087682     0.00614646    0.000283099    -0.00143429    0.000202408     0.00614756   -0.000156718    -0.00174639    0.000414995      0.0117025   -0.000541654    -0.00120769    0.000368399     0.00614684   -0.000391929   -0.000854583    0.000646116    -0.00532892    -0.00536961    -0.00545949    -0.00560633    -0.00511095    -0.00563845    -0.00590598    -0.00556719    -0.00620173    -0.00604016    -0.00597631    -0.00577965
    -0.00054165    0.000134756   -0.000104778   -0.000481162   -0.000541391    0.000324405    0.000100841   -0.000264946   -0.000541549    9.94801e-05    0.000123234    0.000311344   -0.000541577   -0.000292686    0.000370255     0.00022331    -0.00054168    0.000174772   -0.000231709   -0.000187016   -0.000541796    0.000117653   -0.000123071    0.000236347   -0.000541654      0.0168436    0.000209329   -0.000752471   -0.000541671    0.000134184    0.000319747   -0.000125455     0.00121715    0.000460483    0.000631242     0.00112274   -0.000181668    0.000257907     0.00110219    0.000273909    0.000503732    0.000972135   -0.000349363    2.17056e-05
    -0.00120776   -3.15581e-05    7.59684e-05    0.000144737    -0.00120732    0.000151655    0.000174619   -0.000377028    -0.00120766   -6.10182e-05    0.000216381    0.000221549    -0.00120759   -0.000389225    -0.00019064    0.000287765    -0.00120758    0.000103763      0.0001586    1.21822e-05    -0.00120783    0.000116712     0.00010679    -4.4099e-05    -0.00120769    0.000209329      0.0276268    7.01055e-05    -0.00120777    2.67329e-05    0.000337426    0.000185822     0.00155518     0.00101775    0.000310449      0.0012948     0.00106954     0.00119756     0.00180165     0.00102928    0.000423994     0.00147617     0.00101332     0.00117116
    0.000368364   -0.000126012    7.82504e-05     0.00049088    0.000368511   -2.49586e-05    -0.00030495    7.03662e-05    0.000368408   -0.000116086   -0.000156903   -0.000192448    0.000368425     0.00025931    -0.00036677    0.000268729    0.000368348    0.000308636    6.47919e-05    0.000141958    0.000368477   -0.000112248   -0.000477542    -4.2914e-05    0.000368399   -0.000752471    7.01055e-05      0.0383089    0.000368328   -0.000214989   -0.000207368    0.000748705   -0.000748267    0.000878678    -0.00119581     0.00016702    6.80955e-05   -6.97393e-05   -0.000979425    0.000545307    -0.00191293   -5.21177e-05   -0.000436925   -0.000270775
     0.00614682   -0.000297161    -0.00105144    5.74879e-05     0.00614516   -9.20157e-05    -0.00158303    0.000362216     0.00614684   -0.000395311      -0.001124    1.74949e-05     0.00614637     0.00101749   -0.000324528   -0.000876865     0.00614634    0.000283021     -0.0014342    0.000202406     0.00614743   -0.000156733    -0.00174623    0.000414964     0.00614684   -0.000541671    -0.00120777    0.000368328      0.0117023   -0.000391873   -0.000854635    0.000645942     -0.0053287    -0.00536912    -0.00545808     -0.0056066    -0.00511073     -0.0056379    -0.00590641    -0.00556746      -0.006202    -0.00603997    -0.00597629    -0.00578003
   -0.000391895    8.63257e-05     2.0006e-05   -0.000320275   -0.000391797    9.06422e-05    0.000185367    -2.8275e-05   -0.000391898    8.78808e-05    0.000105081    0.000141738   -0.000391871   -9.70309e-05    0.000265323   -1.33891e-05   -0.000391922   -5.08831e-05   -5.06623e-05   -7.47462e-05   -0.000391995    5.01318e-05    0.000146278    7.57697e-05   -0.000391929    0.000134184    2.67329e-05   -0.000214989   -0.000391873      0.0166104    0.000118495   -0.000893921    0.000649873    0.000237344    0.000920384    0.000512291    0.000192067    0.000220843     0.00048438    4.46349e-05    0.000761641    0.000291389    6.03282e-05    2.10532e-06
   -0.000854743    9.78122e-05   -0.000299032   -0.000379996   -0.000854369    -2.9901e-05    0.000209907   -0.000348066   -0.000854579    0.000155464    0.000266629    0.000124695   -0.000854544   -0.000349292    1.52829e-06    5.84997e-05   -0.000854571    0.000197093   -4.93885e-05    5.48163e-05   -0.000854743    0.000252354    0.000253212   -0.000155887   -0.000854583    0.000319747    0.000337426   -0.000207368   -0.000854635    0.000118495      0.0278585   -0.000485178     0.00194162     0.00079404    0.000566034    0.000311627   -0.000141639     0.00101894     0.00204672    0.000794529    0.000805743    0.000377367   -8.29729e-05     0.00101859
    0.000646166   -0.000361968    0.000236781    0.000838391    0.000646152    0.000389624    -0.00046868    -0.00025436    0.000646172   -0.000532265   -0.000276176    0.000448392    0.000646143    6.87065e-05   -0.000596243    0.000282416    0.000646137     0.00018446   -0.000173012    0.000122265    0.000646203   -0.000135593   -0.000889219    0.000280706    0.000646116   -0.000125455    0.000185822    0.000748705    0.000645942   -0.000893921   -0.000485178      0.0391314   -0.000880582   -0.000101203    -0.00215974    0.000895491    0.000856684   -0.000832193   -0.000943443    -0.00056972    -0.00282243    0.000503562    0.000119432    -0.00113515
    -0.00533037    6.70519e-05    0.000118262   -0.000578451     -0.0053272    0.000478302     0.00152129    -0.00132916    -0.00532894    9.38496e-05     0.00132689     0.00164914    -0.00532835    -0.00131071   -8.42838e-05    0.000391004    -0.00532862    0.000167777    7.73998e-05    0.000724226    -0.00532981    0.000878025      0.0011864   -0.000105313    -0.00532892     0.00121715     0.00155518   -0.000748267     -0.0053287    0.000649873     0.00194162   -0.000880582      0.0183911     0.00509426     0.00505581     0.00523331      0.0048199     0.00534296   -0.000454953     0.00308185     0.00370793     0.00362731     0.00329689     0.00276395
    -0.00536981    0.000212647     0.00110752   -0.000360771    -0.00536763   -0.000341779     0.00166048    0.000430123    -0.00536974    0.000619224     0.00106842   -0.000166706    -0.00536891    0.000396088   -3.65171e-05    0.000883355    -0.00536977     0.00053419     0.00114044    0.000718351    -0.00537104    0.000104027     0.00114999   -0.000719336    -0.00536961    0.000460483     0.00101775    0.000878678    -0.00536912    0.000237344     0.00079404   -0.000101203     0.00509426      0.0181412     0.00527441     0.00509136     0.00506271     0.00516615     0.00327241   -0.000616044     0.00331321     0.00374434     0.00325144     0.00359229
    -0.00545876    0.000855743    0.000925092    -0.00141739    -0.00545734    9.33986e-06     0.00212734    0.000494924    -0.00545918     0.00106862     0.00107118   -9.94928e-05    -0.00545756    -0.00049753     0.00172437    5.23677e-05    -0.00545945   -0.000762679     0.00128768   -0.000316018    -0.00545926    0.000186824     0.00251572    -0.00019763    -0.00545949    0.000631242    0.000310449    -0.00119581    -0.00545808    0.000920384    0.000566034    -0.00215974     0.00505581     0.00527441      0.0182398     0.00527619     0.00471278     0.00524644     0.00369993     0.00276614    0.000487212     0.00333443     0.00378005     0.00346951
    -0.00560546    0.000671246     0.00110702    4.18027e-06     -0.0056029     0.00163765    0.000699363   -0.000481011    -0.00560523    0.000370978     0.00067355    0.000730595    -0.00560463    -0.00155543     0.00145418     0.00210332    -0.00560517    0.000182083    0.000754845    -0.00110386     -0.0056067    2.13351e-05    0.000290011     0.00146121    -0.00560633     0.00112274      0.0012948     0.00016702     -0.0056066    0.000512291    0.000311627    0.000895491     0.00523331     0.00509136     0.00527619      0.0183042     0.00483856     0.00546983     0.00382148     0.00312269     0.00393315    0.000736378     0.00390963      0.0032053
    -0.00511045   -0.000478373     0.00180964     0.00132227    -0.00510837   -0.000171495     0.00164792   -0.000137338    -0.00511142    -0.00048513     0.00100671    0.000865658    -0.00511018   -0.000271766    -0.00116234    0.000233005    -0.00511041   -0.000940506      0.0017198    0.000928358    -0.00511097     6.7015e-05     0.00184063   -0.000679539    -0.00511095   -0.000181668     0.00106954    6.80955e-05    -0.00511073    0.000192067   -0.000141639    0.000856684      0.0048199     0.00506271     0.00471278     0.00483856      0.0184096     0.00493934      0.0031857     0.00282973     0.00341796     0.00322431    -0.00111584     0.00321831
    -0.00563898     0.00082933    0.000362962     0.00181745    -0.00563589   -0.000430101    0.000827135    0.000182298    -0.00563724    0.000953005    0.000756977    -0.00174482    -0.00563761    -0.00155058   -0.000161373     0.00194384    -0.00563708   -0.000119823     0.00257035    -0.00072396    -0.00563861    0.000194884     0.00224893    -0.00067583    -0.00563845    0.000257907     0.00119756   -6.97393e-05     -0.0056379    0.000220843     0.00101894   -0.000832193     0.00534296     0.00516615     0.00524644     0.00546983     0.00493934      0.0188418     0.00308618     0.00339737     0.00417748     0.00385471     0.00409026   -0.000273726
    -0.00590523   -0.000147406    0.000210239    -0.00144114    -0.00590498    0.000326319     0.00173844     -0.0016883    -0.00590614   -9.67364e-05     0.00138865     0.00156948    -0.00590589     -0.0016194   -0.000142181   -4.49442e-05     -0.0059056   -5.67214e-05    0.000292504    2.02392e-06    -0.00590666    0.000711181     0.00148068   -0.000656547    -0.00590598     0.00110219     0.00180165   -0.000979425    -0.00590641     0.00048438     0.00204672   -0.000943443   -0.000454953     0.00327241     0.00369993     0.00382148      0.0031857     0.00308618      0.0184975     0.00562008     0.00606752     0.00596833     0.00586127     0.00574846
    -0.00556729   -2.70343e-05     0.00120852   -0.000623188    -0.00556576   -0.000644862     0.00153845    8.58694e-05    -0.00556763    0.000421401     0.00114076   -0.000609658    -0.00556746    0.000227868     0.00020135    0.000453154     -0.0055668    0.000345197     0.00130418    0.000370095      -0.005567   -6.21954e-05     0.00123826    -0.00118923    -0.00556719    0.000273909     0.00102928    0.000545307    -0.00556746    4.46349e-05    0.000794529    -0.00056972     0.00308185   -0.000616044     0.00276614     0.00312269     0.00282973     0.00339737     0.00562008      0.0176265     0.00598095     0.00555849     0.00578304     0.00545988
    -0.00620176    0.000764531     0.00120985    -0.00176256    -0.00620094   -0.000174774     0.00220253    0.000367885    -0.00620202    0.000996623     0.00135259   -0.000474909    -0.00620265   -0.000859505     0.00193012    0.000415712    -0.00620106   -0.000974436      0.0012805   -0.000897481    -0.00620306   -8.35344e-06     0.00267017   -0.000288243    -0.00620173    0.000503732    0.000423994    -0.00191293      -0.006202    0.000761641    0.000805743    -0.00282243     0.00370793     0.00331321    0.000487212     0.00393315     0.00341796     0.00417748     0.00606752     0.00598095       0.018636       0.006124     0.00592425     0.00593284
    -0.00604029    0.000552377     0.00128023   -0.000243142    -0.00603936     0.00146784     0.00104341      -0.001064    -0.00604018     0.00026948    0.000757066    0.000128522    -0.00604052      -0.001847     0.00130411     0.00229066    -0.00604035    5.96838e-05     0.00103471    -0.00162686    -0.00604117   -0.000174693    0.000230707     0.00053741    -0.00604016    0.000972135     0.00147617   -5.21177e-05    -0.00603997    0.000291389    0.000377367    0.000503562     0.00362731     0.00374434     0.00333443    0.000736378     0.00322431     0.00385471     0.00596833     0.00555849       0.006124      0.0182347      0.0057093      0.0058184
    -0.00597664   -0.000639584     0.00183017     0.00137021    -0.00597649   -0.000361266     0.00179892    -0.00032968    -0.00597653   -0.000619714    0.000994996    0.000469799    -0.00597636   -0.000608896    -0.00101285   -0.000388379     -0.0059754    -0.00124151     0.00171098    0.000447663    -0.00597696   -0.000127642     0.00210896   -0.000962143    -0.00597631   -0.000349363     0.00101332   -0.000436925    -0.00597629    6.03282e-05   -8.29729e-05    0.000119432     0.00329689     0.00325144     0.00378005     0.00390963    -0.00111584     0.00409026     0.00586127     0.00578304     0.00592425      0.0057093      0.0189203     0.00575779
     -0.0057795    0.000664058    0.000451162     0.00134606    -0.00577893   -0.000733837    0.000711787   -0.000467048    -0.00578034    0.000815394    0.000891551    -0.00242546    -0.00577911    -0.00171702   -0.000423957     0.00142599    -0.00577945   -0.000288062     0.00268684   -0.000676002    -0.00578002   -1.64277e-05     0.00235444    -0.00103288    -0.00577965    2.17056e-05     0.00117116   -0.000270775    -0.00578003    2.10532e-06     0.00101859    -0.00113515     0.00276395     0.00359229     0.00346951      0.0032053     0.00321831   -0.000273726     0.00574846     0.00545988     0.00593284      0.0058184     0.00575779      0.0182881
