      0.0194277     0.00199394    -0.00198067    0.000782097      0.0127601     0.00159939     -0.0030689   -7.17693e-05      0.0127625    0.000582407    -0.00303099     0.00103399      0.0127625     0.00173438    -0.00363355     0.00064668      0.0127661    0.000484145    -0.00398978     0.00134006      0.0127619     0.00153257    -0.00246239    0.000902815      0.0127636     0.00236161    -0.00349279      0.0010597      0.0127594      0.0023817    -0.00236144   -0.000767417    -0.00870124     -0.0102115    -0.00912122    -0.00938296    -0.00819543    -0.00899807     -0.0105409    -0.00996773     -0.0103331     -0.0106868    -0.00953221     -0.0109501
     0.00199394      0.0205958   -0.000388737     -0.0005719     0.00199403    0.000542789   -0.000850363   -0.000518665     0.00199416    0.000288137   -7.93543e-05    0.000329064     0.00199431    0.000548714     -0.0011136   -0.000107462     0.00199492   -7.85367e-05   -0.000895529   -7.43626e-05     0.00199409     0.00016863   -7.50728e-05    0.000375836      0.0019943    0.000683951   -0.000615217   -3.04329e-05     0.00199395     0.00030303   -0.000445612   -5.35665e-05    -0.00132647    -0.00211307    -0.00178459   -0.000514025   -0.000253722    -0.00124535    -0.00196872    -0.00265791    -0.00236554    -0.00113749   -0.000819101    -0.00197524
    -0.00198067   -0.000388737      0.0330585   -0.000242411     -0.0019806    -0.00040438    0.000411277    0.000443609    -0.00198087    6.37837e-06    0.000434941   -0.000187163     -0.0019808   -0.000348802    0.000578674    0.000135206    -0.00198135    1.75586e-05    0.000323554   -0.000532497    -0.00198055   -0.000250976    0.000388898    -0.00036816    -0.00198116    -0.00031733    0.000682798   -0.000248736    -0.00198048   -0.000564213    0.000327191    6.97576e-06      0.0023024     0.00172732     0.00112773     0.00110313    0.000909825     0.00142486      0.0025186     0.00147436     0.00109181      0.0014044     0.00137819     0.00164378
    0.000782097     -0.0005719   -0.000242411      0.0461765    0.000782547     0.00047175   -0.000192189   -0.000389249    0.000782668   -0.000222829   -0.000646593    0.000804301    0.000782907    0.000553899   -0.000801387   -0.000628223     0.00078313   -0.000133583   -9.02721e-05    0.000169211    0.000782792    0.000821701   -0.000223557   -0.000359841    0.000783027     0.00016371   -0.000921614    0.000540443    0.000782486    0.000434566    4.61006e-05    7.55005e-05   -0.000375703   -0.000215893    0.000393681   -0.000121377     0.00113133    -0.00205076   -0.000892978    -0.00074192   -0.000493342   -0.000892798    0.000118205    -0.00291054
      0.0127601     0.00199403     -0.0019806    0.000782547      0.0194258       0.001599    -0.00306892   -7.23752e-05      0.0127615    0.000582229    -0.00303132      0.0010341      0.0127616     0.00173446     -0.0036332    0.000646355      0.0127651    0.000484037    -0.00398957     0.00133978      0.0127609     0.00153279    -0.00246156    0.000902757      0.0127626     0.00236132    -0.00349299     0.00105922      0.0127584      0.0023812    -0.00236117   -0.000767487    -0.00869978      -0.010211    -0.00911959    -0.00938408    -0.00819445    -0.00899601     -0.0105412    -0.00996607     -0.0103338     -0.0106816    -0.00953207     -0.0109528
     0.00159939    0.000542789    -0.00040438     0.00047175       0.001599       0.020806   -0.000458733    -0.00120331     0.00159958    0.000169377   -1.78047e-05     0.00018068     0.00159971    0.000651341   -0.000978938   -0.000357118     0.00160015    4.69363e-05   -0.000427591    0.000386048     0.00159932    0.000217976   -0.000473181    0.000357625     0.00159969    0.000670581   -0.000516016    0.000754901     0.00159898    0.000803929   -0.000303619    0.000160174    -0.00147273    -0.00134671    -0.00104719    -0.00164384    0.000808579   -0.000783917    -0.00218331    -0.00173504    -0.00159501    -0.00229001    0.000253063    -0.00151592
     -0.0030689   -0.000850363    0.000411277   -0.000192189    -0.00306892   -0.000458733      0.0335601     0.00026882    -0.00306926   -0.000342873    0.000511087   -0.000248819    -0.00306933    -0.00059325     0.00115778   -0.000105204    -0.00307021   -7.64436e-05     0.00134183    0.000104478    -0.00306921   -0.000253745    0.000185928   -0.000331286    -0.00306938   -0.000815458     0.00081462    1.21074e-05    -0.00306875   -0.000330196    0.000642623    0.000259289     0.00198327     0.00286783     0.00303313     0.00179378      0.0013618     0.00212953     0.00218248     0.00290246     0.00331936     0.00181454      0.0020621     0.00259802
   -7.17693e-05   -0.000518665    0.000443609   -0.000389249   -7.23752e-05    -0.00120331     0.00026882      0.0459931    -7.1845e-05    4.17472e-05   -6.84165e-05   -0.000135702   -7.18711e-05   -0.000379923    0.000310343    0.000631244   -7.17747e-05    0.000216647   -0.000114345   -6.97996e-05   -7.15805e-05    -4.1508e-05   -0.000482769   -0.000400161   -7.18724e-05   -0.000121906    0.000372073    0.000131993   -7.23821e-05   -5.73283e-05   -3.17416e-05   -4.36111e-05     0.00187531    0.000547095    0.000347653   -0.000666925   -0.000317939    0.000738437    0.000950198    0.000237908    7.49779e-05    -0.00181847    -0.00127443    6.86543e-05
      0.0127625     0.00199416    -0.00198087    0.000782668      0.0127615     0.00159958    -0.00306926    -7.1845e-05      0.0194306    0.000582352    -0.00303195     0.00103413       0.012764     0.00173484    -0.00363374    0.000646543      0.0127675    0.000484342    -0.00399023     0.00134024      0.0127633      0.0015331    -0.00246231    0.000902807       0.012765     0.00236185    -0.00349352     0.00106003      0.0127608     0.00238193    -0.00236155   -0.000767561    -0.00870117     -0.0102132    -0.00912101    -0.00938403    -0.00819607    -0.00899758      -0.010543     -0.0099667     -0.0103361     -0.0106877    -0.00953322     -0.0109545
    0.000582407    0.000288137    6.37837e-06   -0.000222829    0.000582229    0.000169377   -0.000342873    4.17472e-05    0.000582352      0.0200079     0.00022926   -0.000979536    0.000582398    0.000106747   -0.000330517    0.000188614    0.000582638    3.90881e-05   -0.000461042   -0.000178016    0.000582369   -0.000170203    8.14069e-06    0.000220548     0.00058227     0.00032971    6.58032e-05   -0.000104726    0.000582225     1.5993e-06   -0.000218602   -2.88716e-05    1.90518e-05   -0.000693698   -0.000805158   -0.000157842     3.1636e-06    0.000325755   -0.000391331    -0.00114177    -0.00121517   -0.000641785   -0.000413987   -0.000152426
    -0.00303099   -7.93543e-05    0.000434941   -0.000646593    -0.00303132   -1.78047e-05    0.000511087   -6.84165e-05    -0.00303195     0.00022926      0.0343735   -0.000233791    -0.00303172   -0.000529498    0.000118738    0.000149369    -0.00303256   -0.000370934    0.000754562   -0.000419039     -0.0030316   -0.000871869    0.000181276    0.000236889    -0.00303215   -0.000195979     0.00127685   -0.000562781    -0.00303101   -0.000413031    0.000264712    0.000469581     0.00208168    0.000868536      0.0022621      0.0023512     0.00253981     0.00336391     0.00253805    0.000367358     0.00247992     0.00225876     0.00276699     0.00384878
     0.00103399    0.000329064   -0.000187163    0.000804301      0.0010341     0.00018068   -0.000248819   -0.000135702     0.00103413   -0.000979536   -0.000233791      0.0456802     0.00103446    0.000195852   -0.000952413   -0.000122769     0.00103476    -0.00025485   -0.000268434    8.28738e-05     0.00103446     0.00055068   -0.000546578   -0.000273729     0.00103463    0.000154805   -0.000650445    5.80854e-05     0.00103409     0.00031968   -0.000162159    9.62468e-05     2.4195e-05   -0.000906528    0.000286678    -8.2058e-05   -3.59553e-05    -0.00178453   -0.000766144    -0.00209462   -0.000201946   -0.000986981   -0.000640314    -0.00217167
      0.0127625     0.00199431     -0.0019808    0.000782907      0.0127616     0.00159971    -0.00306933   -7.18711e-05       0.012764    0.000582398    -0.00303172     0.00103446      0.0194307     0.00173488    -0.00363419    0.000646426      0.0127676    0.000484205    -0.00399037      0.0013401      0.0127634     0.00153319     -0.0024625    0.000902656      0.0127651     0.00236196    -0.00349355     0.00105997      0.0127609     0.00238199    -0.00236161   -0.000767487    -0.00870203     -0.0102121    -0.00912112    -0.00938413    -0.00819655    -0.00899704     -0.0105415    -0.00996896     -0.0103357     -0.0106877    -0.00953207     -0.0109556
     0.00173438    0.000548714   -0.000348802    0.000553899     0.00173446    0.000651341    -0.00059325   -0.000379923     0.00173484    0.000106747   -0.000529498    0.000195852     0.00173488      0.0204258   -0.000698123     -0.0012651     0.00173539    0.000118524    -0.00062354    0.000129651     0.00173458    0.000367412     -7.251e-06    0.000197197     0.00173488    0.000552437    -0.00071139    0.000480167     0.00173436    0.000437682   -0.000243875   -9.03974e-05    -0.00135632   -0.000935747     -0.0015767    -0.00103031    9.59144e-05    -0.00144564    -0.00198682    -0.00132969    -0.00216802    -0.00154199   -0.000383767    -0.00213712
    -0.00363355     -0.0011136    0.000578674   -0.000801387     -0.0036332   -0.000978938     0.00115778    0.000310343    -0.00363374   -0.000330517    0.000118738   -0.000952413    -0.00363419   -0.000698123      0.0347501    9.28464e-07    -0.00363511    0.000261199     0.00135574   -0.000136615    -0.00363405   -0.000556199     0.00111234   -0.000182791    -0.00363434    -0.00103739     0.00113286   -0.000240348    -0.00363314   -0.000911183    0.000821407   -7.30246e-05     0.00208945     0.00451787      0.0024129     0.00245034    0.000758633     0.00307908     0.00250152     0.00462711     0.00247014     0.00311945      0.0015741     0.00359502
     0.00064668   -0.000107462    0.000135206   -0.000628223    0.000646355   -0.000357118   -0.000105204    0.000631244    0.000646543    0.000188614    0.000149369   -0.000122769    0.000646426     -0.0012651    9.28464e-07      0.0456187    0.000646792    6.02981e-05   -0.000372515   -6.70954e-05    0.000646641   -0.000232379   -0.000374121    5.55334e-05    0.000646564    3.84025e-05    0.000263709   -0.000354936    0.000646262   -0.000111163   -0.000271965   -5.73454e-05    0.000868368   -0.000955567   -5.46572e-05   -0.000305692   -0.000826436    0.000676614   -0.000184687   -0.000898742   -0.000774633    -0.00107956    -0.00226811   -1.36632e-06
      0.0127661     0.00199492    -0.00198135     0.00078313      0.0127651     0.00160015    -0.00307021   -7.17747e-05      0.0127675    0.000582638    -0.00303256     0.00103476      0.0127676     0.00173539    -0.00363511    0.000646792      0.0194378    0.000484429     -0.0039915     0.00134056      0.0127669     0.00153362    -0.00246311    0.000903093      0.0127686     0.00236267    -0.00349449     0.00106033      0.0127644     0.00238266    -0.00236227    -0.00076762    -0.00870311     -0.0102137    -0.00912227    -0.00938559    -0.00819712     -0.0089985     -0.0105458    -0.00997288     -0.0103401     -0.0106916    -0.00953666     -0.0109594
    0.000484145   -7.85367e-05    1.75586e-05   -0.000133583    0.000484037    4.69363e-05   -7.64436e-05    0.000216647    0.000484342    3.90881e-05   -0.000370934    -0.00025485    0.000484205    0.000118524    0.000261199    6.02981e-05    0.000484429      0.0200067   -0.000198756   -0.000843396    0.000484146    1.70876e-05    0.000106711    5.08456e-05    0.000484183    9.57336e-05   -4.71962e-05    0.000245861    0.000483965    4.12248e-05   -3.74307e-05   -0.000137232   -0.000132779    0.000499014   -0.000600402   -0.000567606   -0.000275394    5.76632e-05   -0.000542903     0.00019372    -0.00109044   -0.000892783   -0.000643607   -0.000378947
    -0.00398978   -0.000895529    0.000323554   -9.02721e-05    -0.00398957   -0.000427591     0.00134183   -0.000114345    -0.00399023   -0.000461042    0.000754562   -0.000268434    -0.00399037    -0.00062354     0.00135574   -0.000372515     -0.0039915   -0.000198756      0.0343074    0.000230848    -0.00399032   -0.000327725     0.00037818   -0.000219142    -0.00399037    -0.00100842    0.000923176    3.19188e-06    -0.00398938   -0.000350861    0.000842435     0.00040297      0.0018227     0.00342786      0.0040561     0.00260111     0.00242989     0.00259565     0.00230367     0.00367872     0.00428634     0.00302276     0.00282017     0.00341069
     0.00134006   -7.43626e-05   -0.000532497    0.000169211     0.00133978    0.000386048    0.000104478   -6.97996e-05     0.00134024   -0.000178016   -0.000419039    8.28738e-05      0.0013401    0.000129651   -0.000136615   -6.70954e-05     0.00134056   -0.000843396    0.000230848      0.0458044     0.00133979     0.00025452   -0.000726505    0.000270327     0.00134065    3.72335e-05   -0.000466068    0.000597748     0.00133965    0.000771452   -0.000148425    0.000165411    -0.00142398   -0.000521392    0.000257623    -0.00124452   -0.000472907   -0.000260292    -0.00280097   -0.000735566   -2.44229e-06    -0.00206914    -0.00138388     -0.0014903
      0.0127619     0.00199409    -0.00198055    0.000782792      0.0127609     0.00159932    -0.00306921   -7.15805e-05      0.0127633    0.000582369     -0.0030316     0.00103446      0.0127634     0.00173458    -0.00363405    0.000646641      0.0127669    0.000484146    -0.00399032     0.00133979      0.0194294     0.00153312    -0.00246248    0.000902341      0.0127644     0.00236174    -0.00349333     0.00105969      0.0127602     0.00238167    -0.00236155   -0.000767552    -0.00870269     -0.0102122     -0.0091212    -0.00938365    -0.00819574    -0.00899691     -0.0105386    -0.00996819     -0.0103345     -0.0106872    -0.00953298      -0.010955
     0.00153257     0.00016863   -0.000250976    0.000821701     0.00153279    0.000217976   -0.000253745    -4.1508e-05      0.0015331   -0.000170203   -0.000871869     0.00055068     0.00153319    0.000367412   -0.000556199   -0.000232379     0.00153362    1.70876e-05   -0.000327725     0.00025452     0.00153312      0.0204462   -0.000385137    -0.00118573     0.00153343    0.000151305   -0.000856744    0.000416457     0.00153266    0.000406758   -0.000125786   -8.04616e-05   -0.000677813   -0.000690885   -0.000401986    -0.00102864   -0.000510687     -0.0021285    -0.00131801   -0.000873299   -0.000964509    -0.00149409    -0.00108208     -0.0027854
    -0.00246239   -7.50728e-05    0.000388898   -0.000223557    -0.00246156   -0.000473181    0.000185928   -0.000482769    -0.00246231    8.14069e-06    0.000181276   -0.000546578     -0.0024625     -7.251e-06     0.00111234   -0.000374121    -0.00246311    0.000106711     0.00037818   -0.000726505    -0.00246248   -0.000385137      0.0340796    3.47275e-05    -0.00246291   -0.000322892    0.000571262    -0.00049026    -0.00246152   -0.000987854    0.000533434    -0.00019343     0.00133421     0.00271597    0.000204683      0.0029836      0.0014749     0.00177018     0.00182447     0.00258578    0.000317179      0.0034099     0.00198934     0.00188898
    0.000902815    0.000375836    -0.00036816   -0.000359841    0.000902757    0.000357625   -0.000331286   -0.000400161    0.000902807    0.000220548    0.000236889   -0.000273729    0.000902656    0.000197197   -0.000182791    5.55334e-05    0.000903093    5.08456e-05   -0.000219142    0.000270327    0.000902341    -0.00118573    3.47275e-05      0.0455691    0.000902694    0.000343142   -1.65643e-05    8.00368e-06     0.00090267    0.000252505   -0.000257246    5.94776e-05    -0.00122173   -0.000745291   -0.000225572   -0.000228815    1.22027e-06    0.000751338    -0.00208371    -0.00128907    -0.00179039   -0.000515593    -0.00076272   -3.40785e-05
      0.0127636      0.0019943    -0.00198116    0.000783027      0.0127626     0.00159969    -0.00306938   -7.18724e-05       0.012765     0.00058227    -0.00303215     0.00103463      0.0127651     0.00173488    -0.00363434    0.000646564      0.0127686    0.000484183    -0.00399037     0.00134065      0.0127644     0.00153343    -0.00246291    0.000902694      0.0194328     0.00236192    -0.00349399     0.00106007      0.0127619     0.00238232    -0.00236173    -0.00076745    -0.00870167     -0.0102132    -0.00912253    -0.00938475    -0.00819635    -0.00899737     -0.0105443    -0.00996927     -0.0103344     -0.0106886    -0.00953462     -0.0109572
     0.00236161    0.000683951    -0.00031733     0.00016371     0.00236132    0.000670581   -0.000815458   -0.000121906     0.00236185     0.00032971   -0.000195979    0.000154805     0.00236196    0.000552437    -0.00103739    3.84025e-05     0.00236267    9.57336e-05    -0.00100842    3.72335e-05     0.00236174    0.000151305   -0.000322892    0.000343142     0.00236192      0.0205257   -0.000549489   -0.000627955     0.00236124    0.000477778   -0.000516146   -8.06945e-05    -0.00133123    -0.00208765    -0.00214651    -0.00157729   -0.000517119    -0.00114483    -0.00204812    -0.00254576    -0.00272779    -0.00230483    -0.00110559    -0.00198358
    -0.00349279   -0.000615217    0.000682798   -0.000921614    -0.00349299   -0.000516016     0.00081462    0.000372073    -0.00349352    6.58032e-05     0.00127685   -0.000650445    -0.00349355    -0.00071139     0.00113286    0.000263709    -0.00349449   -4.71962e-05    0.000923176   -0.000466068    -0.00349333   -0.000856744    0.000571262   -1.65643e-05    -0.00349399   -0.000549489       0.033895   -0.000486223    -0.00349275   -0.000744338    0.000491113    0.000206551     0.00260613     0.00258349     0.00224862     0.00225057     0.00170001     0.00358627     0.00320864     0.00226829     0.00242334     0.00253128     0.00231121     0.00420656
      0.0010597   -3.04329e-05   -0.000248736    0.000540443     0.00105922    0.000754901    1.21074e-05    0.000131993     0.00106003   -0.000104726   -0.000562781    5.80854e-05     0.00105997    0.000480167   -0.000240348   -0.000354936     0.00106033    0.000245861    3.19188e-06    0.000597748     0.00105969    0.000416457    -0.00049026    8.00368e-06     0.00106007   -0.000627955   -0.000486223       0.045944     0.00105916    0.000769887   -4.11622e-05    9.02207e-05   -0.000920835     0.00033255   -9.32129e-05    -0.00162191     0.00083919    -0.00094472    -0.00171006   -0.000156758   -0.000973691     -0.0027321   -0.000239751    -0.00136255
      0.0127594     0.00199395    -0.00198048    0.000782486      0.0127584     0.00159898    -0.00306875   -7.23821e-05      0.0127608    0.000582225    -0.00303101     0.00103409      0.0127609     0.00173436    -0.00363314    0.000646262      0.0127644    0.000483965    -0.00398938     0.00133965      0.0127602     0.00153266    -0.00246152     0.00090267      0.0127619     0.00236124    -0.00349275     0.00105916      0.0194244     0.00238111    -0.00236107   -0.000767434    -0.00870002     -0.0102103    -0.00911946    -0.00938335    -0.00819477    -0.00899576     -0.0105398    -0.00996614     -0.0103329     -0.0106814    -0.00953053     -0.0109518
      0.0023817     0.00030303   -0.000564213    0.000434566      0.0023812    0.000803929   -0.000330196   -5.73283e-05     0.00238193     1.5993e-06   -0.000413031     0.00031968     0.00238199    0.000437682   -0.000911183   -0.000111163     0.00238266    4.12248e-05   -0.000350861    0.000771452     0.00238167    0.000406758   -0.000987854    0.000252505     0.00238232    0.000477778   -0.000744338    0.000769887     0.00238111      0.0207604   -0.000406434   -0.000761086    -0.00200431    -0.00181651   -0.000713043     -0.0024119   -0.000561686    -0.00147453    -0.00284562    -0.00203797    -0.00128372    -0.00307769    -0.00123686    -0.00224438
    -0.00236144   -0.000445612    0.000327191    4.61006e-05    -0.00236117   -0.000303619    0.000642623   -3.17416e-05    -0.00236155   -0.000218602    0.000264712   -0.000162159    -0.00236161   -0.000243875    0.000821407   -0.000271965    -0.00236227   -3.74307e-05    0.000842435   -0.000148425    -0.00236155   -0.000125786    0.000533434   -0.000257246    -0.00236173   -0.000516146    0.000491113   -4.11622e-05    -0.00236107   -0.000406434      0.0329893    0.000106817     0.00160031     0.00235243     0.00170819     0.00183795     0.00145797      0.0013477     0.00164049     0.00228626     0.00201843     0.00186498     0.00184994     0.00162473
   -0.000767417   -5.35665e-05    6.97576e-06    7.55005e-05   -0.000767487    0.000160174    0.000259289   -4.36111e-05   -0.000767561   -2.88716e-05    0.000469581    9.62468e-05   -0.000767487   -9.03974e-05   -7.30246e-05   -5.73454e-05    -0.00076762   -0.000137232     0.00040297    0.000165411   -0.000767552   -8.04616e-05    -0.00019343    5.94776e-05    -0.00076745   -8.06945e-05    0.000206551    9.02207e-05   -0.000767434   -0.000761086    0.000106817      0.0451213    0.000707896    0.000393858     0.00138729    0.000650973     0.00125185     0.00110751   -5.04845e-05   -8.48579e-05    0.000847832    2.22737e-05    0.000570386    0.000314325
    -0.00870124    -0.00132647      0.0023024   -0.000375703    -0.00869978    -0.00147273     0.00198327     0.00187531    -0.00870117    1.90518e-05     0.00208168     2.4195e-05    -0.00870203    -0.00135632     0.00208945    0.000868368    -0.00870311   -0.000132779      0.0018227    -0.00142398    -0.00870269   -0.000677813     0.00133421    -0.00122173    -0.00870167    -0.00133123     0.00260613   -0.000920835    -0.00870002    -0.00200431     0.00160031    0.000707896      0.0224335     0.00846324     0.00783605     0.00813961     0.00747816     0.00831559     -0.0020028     0.00402493     0.00459585     0.00421825     0.00326102     0.00396245
     -0.0102115    -0.00211307     0.00172732   -0.000215893      -0.010211    -0.00134671     0.00286783    0.000547095     -0.0102132   -0.000693698    0.000868536   -0.000906528     -0.0102121   -0.000935747     0.00451787   -0.000955567     -0.0102137    0.000499014     0.00342786   -0.000521392     -0.0102122   -0.000690885     0.00271597   -0.000745291     -0.0102132    -0.00208765     0.00258349     0.00033255     -0.0102103    -0.00181651     0.00235243    0.000393858     0.00846324      0.0239937     0.00888593     0.00906224      0.0078672     0.00858528     0.00566896   -0.000600865     0.00514687     0.00593116      0.0051254     0.00629474
    -0.00912122    -0.00178459     0.00112773    0.000393681    -0.00911959    -0.00104719     0.00303313    0.000347653    -0.00912101   -0.000805158      0.0022621    0.000286678    -0.00912112     -0.0015767      0.0024129   -5.46572e-05    -0.00912227   -0.000600402      0.0040561    0.000257623     -0.0091212   -0.000401986    0.000204683   -0.000225572    -0.00912253    -0.00214651     0.00224862   -9.32129e-05    -0.00911946   -0.000713043     0.00170819     0.00138729     0.00783605     0.00888593      0.0225311     0.00823925     0.00769747     0.00815789     0.00473134     0.00460305    -0.00118501      0.0046824     0.00377714     0.00455104
    -0.00938296   -0.000514025     0.00110313   -0.000121377    -0.00938408    -0.00164384     0.00179378   -0.000666925    -0.00938403   -0.000157842      0.0023512    -8.2058e-05    -0.00938413    -0.00103031     0.00245034   -0.000305692    -0.00938559   -0.000567606     0.00260111    -0.00124452    -0.00938365    -0.00102864      0.0029836   -0.000228815    -0.00938475    -0.00157729     0.00225057    -0.00162191    -0.00938335     -0.0024119     0.00183795    0.000650973     0.00813961     0.00906224     0.00823925      0.0222539     0.00775491     0.00812081     0.00517659     0.00374476     0.00480163   -5.93444e-05     0.00411073     0.00552237
    -0.00819543   -0.000253722    0.000909825     0.00113133    -0.00819445    0.000808579      0.0013618   -0.000317939    -0.00819607     3.1636e-06     0.00253981   -3.59553e-05    -0.00819655    9.59144e-05    0.000758633   -0.000826436    -0.00819712   -0.000275394     0.00242989   -0.000472907    -0.00819574   -0.000510687      0.0014749    1.22027e-06    -0.00819635   -0.000517119     0.00170001     0.00083919    -0.00819477   -0.000561686     0.00145797     0.00125185     0.00747816      0.0078672     0.00769747     0.00775491      0.0216712     0.00735221     0.00356391     0.00356005     0.00383291     0.00361126    -0.00246839     0.00415346
    -0.00899807    -0.00124535     0.00142486    -0.00205076    -0.00899601   -0.000783917     0.00212953    0.000738437    -0.00899758    0.000325755     0.00336391    -0.00178453    -0.00899704    -0.00144564     0.00307908    0.000676614     -0.0089985    5.76632e-05     0.00259565   -0.000260292    -0.00899691     -0.0021285     0.00177018    0.000751338    -0.00899737    -0.00114483     0.00358627    -0.00094472    -0.00899576    -0.00147453      0.0013477     0.00110751     0.00831559     0.00858528     0.00815789     0.00812081     0.00735221      0.0226183     0.00430331     0.00406825     0.00424159     0.00473843     0.00415192    -0.00126194
     -0.0105409    -0.00196872      0.0025186   -0.000892978     -0.0105412    -0.00218331     0.00218248    0.000950198      -0.010543   -0.000391331     0.00253805   -0.000766144     -0.0105415    -0.00198682     0.00250152   -0.000184687     -0.0105458   -0.000542903     0.00230367    -0.00280097     -0.0105386    -0.00131801     0.00182447    -0.00208371     -0.0105443    -0.00204812     0.00320864    -0.00171006     -0.0105398    -0.00284562     0.00164049   -5.04845e-05     -0.0020028     0.00566896     0.00473134     0.00517659     0.00356391     0.00430331      0.0240899     0.00955191     0.00972803      0.0103232     0.00925949      0.0108113
    -0.00996773    -0.00265791     0.00147436    -0.00074192    -0.00996607    -0.00173504     0.00290246    0.000237908     -0.0099667    -0.00114177    0.000367358    -0.00209462    -0.00996896    -0.00132969     0.00462711   -0.000898742    -0.00997288     0.00019372     0.00367872   -0.000735566    -0.00996819   -0.000873299     0.00258578    -0.00128907    -0.00996927    -0.00254576     0.00226829   -0.000156758    -0.00996614    -0.00203797     0.00228626   -8.48579e-05     0.00402493   -0.000600865     0.00460305     0.00374476     0.00356005     0.00406825     0.00955191      0.0232395     0.00955754     0.00987114     0.00858285     0.00977775
     -0.0103331    -0.00236554     0.00109181   -0.000493342     -0.0103338    -0.00159501     0.00331936    7.49779e-05     -0.0103361    -0.00121517     0.00247992   -0.000201946     -0.0103357    -0.00216802     0.00247014   -0.000774633     -0.0103401    -0.00109044     0.00428634   -2.44229e-06     -0.0103345   -0.000964509    0.000317179    -0.00179039     -0.0103344    -0.00272779     0.00242334   -0.000973691     -0.0103329    -0.00128372     0.00201843    0.000847832     0.00459585     0.00514687    -0.00118501     0.00480163     0.00383291     0.00424159     0.00972803     0.00955754      0.0234455     0.00977039     0.00900888      0.0104114
     -0.0106868    -0.00113749      0.0014044   -0.000892798     -0.0106816    -0.00229001     0.00181454    -0.00181847     -0.0106877   -0.000641785     0.00225876   -0.000986981     -0.0106877    -0.00154199     0.00311945    -0.00107956     -0.0106916   -0.000892783     0.00302276    -0.00206914     -0.0106872    -0.00149409      0.0034099   -0.000515593     -0.0106886    -0.00230483     0.00253128     -0.0027321     -0.0106814    -0.00307769     0.00186498    2.22737e-05     0.00421825     0.00593116      0.0046824   -5.93444e-05     0.00361126     0.00473843      0.0103232     0.00987114     0.00977039      0.0235695     0.00945435      0.0104708
    -0.00953221   -0.000819101     0.00137819    0.000118205    -0.00953207    0.000253063      0.0020621    -0.00127443    -0.00953322   -0.000413987     0.00276699   -0.000640314    -0.00953207   -0.000383767      0.0015741    -0.00226811    -0.00953666   -0.000643607     0.00282017    -0.00138388    -0.00953298    -0.00108208     0.00198934    -0.00076272    -0.00953462    -0.00110559     0.00231121   -0.000239751    -0.00953053    -0.00123686     0.00184994    0.000570386     0.00326102      0.0051254     0.00377714     0.00411073    -0.00246839     0.00415192     0.00925949     0.00858285     0.00900888     0.00945435      0.0223734     0.00938572
     -0.0109501    -0.00197524     0.00164378    -0.00291054     -0.0109528    -0.00151592     0.00259802    6.86543e-05     -0.0109545   -0.000152426     0.00384878    -0.00217167     -0.0109556    -0.00213712     0.00359502   -1.36632e-06     -0.0109594   -0.000378947     0.00341069     -0.0014903      -0.010955     -0.0027854     0.00188898   -3.40785e-05     -0.0109572    -0.00198358     0.00420656    -0.00136255     -0.0109518    -0.00224438     0.00162473    0.000314325     0.00396245     0.00629474     0.00455104     0.00552237     0.00415346    -0.00126194      0.0108113     0.00977775      0.0104114      0.0104708     0.00938572      0.0248968
