      0.0162998    0.000189883     -0.0026006    0.000113261      0.0122995    0.000144855    -0.00299287   -3.71346e-05      0.0122998    0.000237836    -0.00353435    0.000211192      0.0122997      0.0002962    -0.00334329    0.000360104      0.0122996    0.000239873    -0.00342515     2.2746e-05      0.0122997    0.000265858    -0.00346588    0.000278312      0.0122995    0.000190811    -0.00333737   -6.02262e-06      0.0122996    -9.5896e-05    -0.00334292    0.000482834    -0.00906729    -0.00914691    -0.00936706     -0.0103424    -0.00996654     -0.0104302
    0.000189883        0.01216    4.78533e-05   -0.000211678    0.000189896    0.000181298    1.93744e-05   -2.40433e-05    0.000189895    0.000115882    5.86476e-05     0.00012416    0.000189896   -3.64724e-05    0.000160614   -1.69819e-05    0.000189874   -1.40986e-05    6.36553e-05    8.76831e-05    0.000189907    2.62819e-06   -4.46925e-05   -0.000233676    0.000189898    5.84974e-05   -7.62282e-05    4.84137e-06    0.000189902    4.01182e-05    8.45155e-05   -0.000260366      7.158e-05   -0.000818096    0.000244195   -0.000159526    -0.00107451    3.88856e-05
     -0.0026006    4.78533e-05      0.0203604    -0.00010673    -0.00260053   -1.71096e-05    0.000569177    0.000156002    -0.00260059    1.65994e-05    0.000874682   -0.000161856    -0.00260057   -0.000108174    0.000637281   -6.88906e-05    -0.00260058    1.21364e-05     0.00075782    9.96261e-05    -0.00260059    1.90879e-05    0.000808214   -0.000145393    -0.00260053    1.53858e-05     0.00071424   -0.000103554    -0.00260055    9.60929e-05    0.000708844   -0.000285251     0.00204491     0.00167913     0.00157559     0.00235501     0.00162022      0.0018706
    0.000113261   -0.000211678    -0.00010673      0.0275651    0.000113264    0.000150414    0.000117274   -0.000210127    0.000113267    2.06448e-05   -9.39336e-05    0.000276229    0.000113267    2.88324e-05    0.000252358   -1.82719e-05    0.000113268   -9.25844e-05    3.11176e-05   -4.76031e-05    0.000113292   -9.38609e-05   -0.000121888   -9.27995e-05    0.000113265   -1.68796e-05   -6.30387e-05    0.000147903     0.00011327   -5.85375e-05    9.17514e-05    9.50775e-06   -2.79711e-05   -8.22361e-05    0.000903994   -0.000343795   -0.000558574     0.00042572
      0.0122995    0.000189896    -0.00260053    0.000113264      0.0162992    0.000144863    -0.00299279   -3.71367e-05      0.0122995    0.000237838    -0.00353426    0.000211192      0.0122994    0.000296188     -0.0033432    0.000360091      0.0122993    0.000239866    -0.00342506    2.27511e-05      0.0122994    0.000265851     -0.0034658    0.000278285      0.0122992     0.00019081    -0.00333729   -6.02741e-06      0.0122993   -9.58912e-05    -0.00334283    0.000482798    -0.00906712    -0.00914672    -0.00936681     -0.0103421    -0.00996641       -0.01043
    0.000144855    0.000181298   -1.71096e-05    0.000150414    0.000144863      0.0120653    5.85065e-05   -0.000427919    0.000144863    6.93588e-05   -5.95013e-06    0.000175335    0.000144864   -9.32102e-06    0.000189432   -1.83649e-05    0.000144853    -4.6298e-05    4.73951e-05     2.5401e-05     0.00014488   -3.78017e-05   -7.27652e-05   -0.000165946    0.000144863    2.33615e-05   -6.59747e-05    6.01391e-05    0.000144868   -3.29676e-06    8.30413e-05   -0.000138656    1.48744e-05   -0.000526885    0.000447294   -0.000208499   -0.000749026    0.000243753
    -0.00299287    1.93744e-05    0.000569177    0.000117274    -0.00299279    5.85065e-05      0.0205158   -0.000151403    -0.00299285   -5.62355e-05     0.00080921    0.000131218    -0.00299283    -5.7406e-05     0.00101012   -0.000109225    -0.00299282   -0.000133114    0.000872591    -5.5218e-05    -0.00299283   -0.000141314    0.000776038   -0.000138256     -0.0029928   -6.90499e-05    0.000788989    9.74638e-05    -0.00299282    -2.7178e-05    0.000895713   -0.000110179     0.00212503     0.00214999     0.00273467     0.00243926     0.00223212     0.00314252
   -3.71346e-05   -2.40433e-05    0.000156002   -0.000210127   -3.71367e-05   -0.000427919   -0.000151403      0.0276351   -3.71457e-05    4.25531e-05    0.000143017   -0.000274499   -3.71404e-05   -3.55134e-05   -0.000267627    4.91934e-05   -3.71537e-05    0.000133369   -2.07708e-05     0.00013375   -3.71595e-05    0.000142489    0.000132028    5.04051e-05   -3.71323e-05    6.60283e-05    4.32229e-05   -0.000159788   -3.71327e-05    0.000111856   -9.06982e-05   -9.40037e-05    0.000396117    0.000185751   -0.000740966    3.12833e-05   -0.000192959   -0.000898545
      0.0122998    0.000189895    -0.00260059    0.000113267      0.0122995    0.000144863    -0.00299285   -3.71457e-05      0.0162997    0.000237838    -0.00353434    0.000211198      0.0122996    0.000296193    -0.00334326    0.000360096      0.0122996    0.000239867    -0.00342513    2.27462e-05      0.0122997    0.000265852    -0.00346588     0.00027829      0.0122995     0.00019081    -0.00333736   -6.02892e-06      0.0122996   -9.58977e-05     -0.0033429    0.000482811    -0.00906739    -0.00914683    -0.00936703     -0.0103423    -0.00996667     -0.0104301
    0.000237836    0.000115882    1.65994e-05    2.06448e-05    0.000237838    6.93588e-05   -5.62355e-05    4.25531e-05    0.000237838      0.0119738    7.64288e-06   -0.000314782    0.000237839   -1.81075e-05   -1.58234e-05    7.20067e-06    0.000237826    2.15273e-05   -1.77375e-05    6.68365e-05    0.000237842     3.1214e-05   -4.12008e-05   -9.31548e-05     0.00023784    4.25129e-05   -6.99447e-05   -2.38302e-05    0.000237843    3.85108e-05   -1.95091e-05   -0.000128936    1.20348e-05   -0.000436459   -9.58686e-05   -0.000222332   -0.000682064   -0.000313827
    -0.00353435    5.86476e-05    0.000874682   -9.39336e-05    -0.00353426   -5.95013e-06     0.00080921    0.000143017    -0.00353434    7.64288e-06      0.0208307   -0.000153364    -0.00353431   -0.000132455    0.000924414   -0.000101723    -0.00353432    -1.3524e-05      0.0010306      9.996e-05    -0.00353433   -7.41734e-06     0.00106677   -0.000190474    -0.00353426    3.53845e-06    0.000963574   -9.40514e-05    -0.00353428    0.000102615    0.000980242   -0.000343299      0.0027492      0.0022605     0.00240578     0.00312802      0.0023384     0.00268136
    0.000211192     0.00012416   -0.000161856    0.000276229    0.000211192    0.000175335    0.000131218   -0.000274499    0.000211198   -0.000314782   -0.000153364      0.0276851    0.000211197      4.145e-05    0.000289143   -2.13719e-05      0.0002112   -0.000119874    9.78523e-06   -7.50785e-05    0.000211229   -0.000123175   -0.000178512    -9.8194e-05    0.000211193   -2.92744e-05   -9.70575e-05    0.000188435    0.000211199   -8.36459e-05    8.73808e-05    4.11359e-05   -0.000141565   -0.000116296    0.000987814   -0.000469165    -0.00064641    0.000575458
      0.0122997    0.000189896    -0.00260057    0.000113267      0.0122994    0.000144864    -0.00299283   -3.71404e-05      0.0122996    0.000237839    -0.00353431    0.000211197      0.0162995    0.000296192    -0.00334324    0.000360095      0.0122995    0.000239868    -0.00342511    2.27495e-05      0.0122996    0.000265853    -0.00346585    0.000278289      0.0122994    0.000190811    -0.00333734   -6.02709e-06      0.0122995   -9.58944e-05    -0.00334287    0.000482808    -0.00906727    -0.00914679    -0.00936696     -0.0103423    -0.00996658     -0.0104301
      0.0002962   -3.64724e-05   -0.000108174    2.88324e-05    0.000296188   -9.32102e-06    -5.7406e-05   -3.55134e-05    0.000296193   -1.81075e-05   -0.000132455      4.145e-05    0.000296192       0.011938   -7.57123e-05   -0.000310418    0.000296198   -6.78501e-06   -0.000102056   -2.83843e-05    0.000296199   -1.12481e-05   -0.000107454    6.12002e-05    0.000296189   -1.14924e-05   -8.05791e-05     4.1328e-05    0.000296192   -2.34926e-05   -9.18277e-05    9.86067e-05   -0.000167891    5.26276e-05   -2.96104e-05   -0.000400112   -0.000151227   -0.000259245
    -0.00334329    0.000160614    0.000637281    0.000252358     -0.0033432    0.000189432     0.00101012   -0.000267627    -0.00334326   -1.58234e-05    0.000924414    0.000289143    -0.00334324   -7.57123e-05      0.0210062   -0.000150628    -0.00334323   -0.000197154      0.0010457    -5.5745e-05    -0.00334322   -0.000200302    0.000836091   -0.000295766     -0.0033432   -6.69926e-05    0.000858089    0.000158751    -0.00334322   -4.07231e-05     0.00110184   -0.000239723     0.00239754     0.00189306     0.00351092     0.00270717      0.0021665     0.00386419
    0.000360104   -1.69819e-05   -6.88906e-05   -1.82719e-05    0.000360091   -1.83649e-05   -0.000109225    4.91934e-05    0.000360096    7.20067e-06   -0.000101723   -2.13719e-05    0.000360095   -0.000310418   -0.000150628      0.0273805    0.000360093    3.12316e-05   -0.000118599    2.13497e-05    0.000360101     3.1131e-05   -9.19587e-05     5.3438e-05    0.000360093    1.45311e-05   -9.09109e-05   -2.52266e-06    0.000360099    1.22374e-05    -0.00012503    5.32542e-05   -6.20746e-05    9.89007e-05   -0.000405371   -0.000480364   -0.000463932   -0.000416889
      0.0122996    0.000189874    -0.00260058    0.000113268      0.0122993    0.000144853    -0.00299282   -3.71537e-05      0.0122996    0.000237826    -0.00353432      0.0002112      0.0122995    0.000296198    -0.00334323    0.000360093      0.0162995    0.000239862    -0.00342511    2.27332e-05      0.0122995    0.000265845    -0.00346585    0.000278309      0.0122994    0.000190803    -0.00333733   -6.01599e-06      0.0122994   -9.59035e-05    -0.00334287    0.000482836    -0.00906724    -0.00914682    -0.00936688     -0.0103423    -0.00996635       -0.01043
    0.000239873   -1.40986e-05    1.21364e-05   -9.25844e-05    0.000239866    -4.6298e-05   -0.000133114    0.000133369    0.000239867    2.15273e-05    -1.3524e-05   -0.000119874    0.000239868   -6.78501e-06   -0.000197154    3.12316e-05    0.000239862      0.0119752   -8.44232e-05   -0.000268912    0.000239859    7.08791e-05   -1.29505e-05     3.9932e-05    0.000239869    3.30452e-05   -4.91577e-05   -6.90763e-05     0.00023987     4.8113e-05   -0.000114845   -2.06768e-05     2.8872e-06   -6.08786e-05    -0.00046156   -0.000222251   -0.000283204   -0.000701325
    -0.00342515    6.36553e-05     0.00075782    3.11176e-05    -0.00342506    4.73951e-05    0.000872591   -2.07708e-05    -0.00342513   -1.77375e-05      0.0010306    9.78523e-06    -0.00342511   -0.000102056      0.0010457   -0.000118599    -0.00342511   -8.44232e-05      0.0206945    2.39283e-05    -0.00342511   -8.44752e-05    0.000963435   -0.000195482    -0.00342506    -3.2576e-05     0.00091597    8.77207e-06    -0.00342509     3.8317e-05     0.00100098   -0.000259974     0.00255157     0.00218063     0.00283748     0.00293029     0.00238905     0.00304407
     2.2746e-05    8.76831e-05    9.96261e-05   -4.76031e-05    2.27511e-05     2.5401e-05    -5.5218e-05     0.00013375    2.27462e-05    6.68365e-05      9.996e-05   -7.50785e-05    2.27495e-05   -2.83843e-05    -5.5745e-05    2.13497e-05    2.27332e-05   -0.000268912    2.39283e-05      0.0274435    2.27456e-05    7.02077e-05    5.43669e-05   -6.07214e-05    2.27555e-05    5.59361e-05    5.92005e-07   -6.78879e-05    2.27571e-05    7.11761e-05   -9.24886e-07   -0.000139073     0.00028143   -6.45649e-05   -0.000150531   -6.02008e-05   -0.000604429   -0.000453333
      0.0122997    0.000189907    -0.00260059    0.000113292      0.0122994     0.00014488    -0.00299283   -3.71595e-05      0.0122997    0.000237842    -0.00353433    0.000211229      0.0122996    0.000296199    -0.00334322    0.000360101      0.0122995    0.000239859    -0.00342511    2.27456e-05      0.0162996    0.000265844    -0.00346587    0.000278284      0.0122994     0.00019081    -0.00333735    -6.0067e-06      0.0122995   -9.59006e-05    -0.00334287    0.000482819    -0.00906723    -0.00914679    -0.00936697     -0.0103424    -0.00996666       -0.01043
    0.000265858    2.62819e-06    1.90879e-05   -9.38609e-05    0.000265851   -3.78017e-05   -0.000141314    0.000142489    0.000265852     3.1214e-05   -7.41734e-06   -0.000123175    0.000265853   -1.12481e-05   -0.000200302     3.1131e-05    0.000265845    7.08791e-05   -8.44752e-05    7.02077e-05    0.000265844      0.0119849   -1.45987e-05   -0.000304303    0.000265854    3.95068e-05   -5.66838e-05   -7.65688e-05    0.000265856    5.48115e-05   -0.000116177   -4.41011e-05   -2.60723e-07   -0.000139192      -0.000497   -0.000230561   -0.000364564   -0.000735809
    -0.00346588   -4.46925e-05    0.000808214   -0.000121888     -0.0034658   -7.27652e-05    0.000776038    0.000132028    -0.00346588   -4.12008e-05     0.00106677   -0.000178512    -0.00346585   -0.000107454    0.000836091   -9.19587e-05    -0.00346585   -1.29505e-05    0.000963435    5.43669e-05    -0.00346587   -1.45987e-05      0.0207175   -8.42553e-05     -0.0034658   -2.27212e-05    0.000953123   -7.81834e-05    -0.00346583    7.71823e-05     0.00091042   -0.000212642     0.00262776      0.0024939     0.00234935     0.00302172      0.0027031     0.00251683
    0.000278312   -0.000233676   -0.000145393   -9.27995e-05    0.000278285   -0.000165946   -0.000138256    5.04051e-05     0.00027829   -9.31548e-05   -0.000190474    -9.8194e-05    0.000278289    6.12002e-05   -0.000295766     5.3438e-05    0.000278309     3.9932e-05   -0.000195482   -6.07214e-05    0.000278284   -0.000304303   -8.42553e-05      0.0276134    0.000278287   -3.67186e-05   -4.86433e-05    1.67022e-05    0.000278287   -2.81501e-05   -0.000215076    0.000302762   -0.000144708    0.000775926   -0.000264505   -0.000483406    0.000423113   -0.000790503
      0.0122995    0.000189898    -0.00260053    0.000113265      0.0122992    0.000144863     -0.0029928   -3.71323e-05      0.0122995     0.00023784    -0.00353426    0.000211193      0.0122994    0.000296189     -0.0033432    0.000360093      0.0122994    0.000239869    -0.00342506    2.27555e-05      0.0122994    0.000265854     -0.0034658    0.000278287      0.0162992    0.000190812    -0.00333729   -6.02808e-06      0.0122993    -9.5889e-05    -0.00334283    0.000482798    -0.00906713    -0.00914665    -0.00936679     -0.0103421    -0.00996651       -0.01043
    0.000190811    5.84974e-05    1.53858e-05   -1.68796e-05     0.00019081    2.33615e-05   -6.90499e-05    6.60283e-05     0.00019081    4.25129e-05    3.53845e-06   -2.92744e-05    0.000190811   -1.14924e-05   -6.69926e-05    1.45311e-05    0.000190803    3.30452e-05    -3.2576e-05    5.59361e-05     0.00019081    3.95068e-05   -2.27212e-05   -3.67186e-05    0.000190812      0.0119421   -4.96428e-05   -0.000361777    0.000190815    3.66538e-05   -4.31794e-05   -7.52303e-05    3.14091e-05   -0.000230978   -0.000173215   -0.000192682   -0.000459043   -0.000391515
    -0.00333737   -7.62282e-05     0.00071424   -6.30387e-05    -0.00333729   -6.59747e-05    0.000788989    4.32229e-05    -0.00333736   -6.99447e-05    0.000963574   -9.70575e-05    -0.00333734   -8.05791e-05    0.000858089   -9.09109e-05    -0.00333733   -4.91577e-05     0.00091597    5.92005e-07    -0.00333735   -5.66838e-05    0.000953123   -4.86433e-05    -0.00333729   -4.96428e-05       0.020595   -1.63613e-05    -0.00333732    3.42577e-05    0.000884452   -0.000117398     0.00246809     0.00258341     0.00244635     0.00281867     0.00273887      0.0026911
   -6.02262e-06    4.84137e-06   -0.000103554    0.000147903   -6.02741e-06    6.01391e-05    9.74638e-05   -0.000159788   -6.02892e-06   -2.38302e-05   -9.40514e-05    0.000188435   -6.02709e-06     4.1328e-05    0.000158751   -2.52266e-06   -6.01599e-06   -6.90763e-05    8.77207e-06   -6.78879e-05    -6.0067e-06   -7.65688e-05   -7.81834e-05    1.67022e-05   -6.02808e-06   -0.000361777   -1.63613e-05      0.0274704   -6.02394e-06   -6.05609e-05    5.12646e-05    0.000113051    7.63868e-05    0.000263566    0.000712477   -0.000303503   -3.08812e-05      0.0003428
      0.0122996    0.000189902    -0.00260055     0.00011327      0.0122993    0.000144868    -0.00299282   -3.71327e-05      0.0122996    0.000237843    -0.00353428    0.000211199      0.0122995    0.000296192    -0.00334322    0.000360099      0.0122994     0.00023987    -0.00342509    2.27571e-05      0.0122995    0.000265856    -0.00346583    0.000278287      0.0122993    0.000190815    -0.00333732   -6.02394e-06      0.0162994   -9.58891e-05    -0.00334285    0.000482803    -0.00906715    -0.00914672    -0.00936688     -0.0103423    -0.00996658       -0.01043
    -9.5896e-05    4.01182e-05    9.60929e-05   -5.85375e-05   -9.58912e-05   -3.29676e-06    -2.7178e-05    0.000111856   -9.58977e-05    3.85108e-05    0.000102615   -8.36459e-05   -9.58944e-05   -2.34926e-05   -4.07231e-05    1.22374e-05   -9.59035e-05     4.8113e-05     3.8317e-05    7.11761e-05   -9.59006e-05    5.48115e-05    7.71823e-05   -2.81501e-05    -9.5889e-05    3.66538e-05    3.42577e-05   -6.05609e-05   -9.58891e-05      0.0119622    1.40545e-05   -0.000422073    0.000265719    5.82461e-06    -9.3325e-05    7.41233e-05   -0.000203849   -0.000299762
    -0.00334292    8.45155e-05    0.000708844    9.17514e-05    -0.00334283    8.30413e-05    0.000895713   -9.06982e-05     -0.0033429   -1.95091e-05    0.000980242    8.73808e-05    -0.00334287   -9.18277e-05     0.00110184    -0.00012503    -0.00334287   -0.000114845     0.00100098   -9.24886e-07    -0.00334287   -0.000116177     0.00091042   -0.000215076    -0.00334283   -4.31794e-05    0.000884452    5.12646e-05    -0.00334285    1.40545e-05      0.0206932   -0.000243184     0.00245015     0.00210866     0.00297922      0.0028242     0.00227571     0.00321552
    0.000482834   -0.000260366   -0.000285251    9.50775e-06    0.000482798   -0.000138656   -0.000110179   -9.40037e-05    0.000482811   -0.000128936   -0.000343299    4.11359e-05    0.000482808    9.86067e-05   -0.000239723    5.32542e-05    0.000482836   -2.06768e-05   -0.000259974   -0.000139073    0.000482819   -4.41011e-05   -0.000212642    0.000302762    0.000482798   -7.52303e-05   -0.000117398    0.000113051    0.000482803   -0.000422073   -0.000243184      0.0277675   -0.000396395    0.000857581   -0.000163529   -0.000789043    0.000382367   -0.000407448
    -0.00906729      7.158e-05     0.00204491   -2.79711e-05    -0.00906712    1.48744e-05     0.00212503    0.000396117    -0.00906739    1.20348e-05      0.0027492   -0.000141565    -0.00906727   -0.000167891     0.00239754   -6.20746e-05    -0.00906724     2.8872e-06     0.00255157     0.00028143    -0.00906723   -2.60723e-07     0.00262776   -0.000144708    -0.00906713    3.14091e-05     0.00246809    7.63868e-05    -0.00906715    0.000265719     0.00245015   -0.000396395      0.0094513     0.00744075     0.00765336     0.00537741     0.00582847     0.00615063
    -0.00914691   -0.000818096     0.00167913   -8.22361e-05    -0.00914672   -0.000526885     0.00214999    0.000185751    -0.00914683   -0.000436459      0.0022605   -0.000116296    -0.00914679    5.26276e-05     0.00189306    9.89007e-05    -0.00914682   -6.08786e-05     0.00218063   -6.45649e-05    -0.00914679   -0.000139192      0.0024939    0.000775926    -0.00914665   -0.000230978     0.00258341    0.000263566    -0.00914672    5.82461e-06     0.00210866    0.000857581     0.00744075      0.0171483     0.00767168     0.00623083     0.00283871     0.00603137
    -0.00936706    0.000244195     0.00157559    0.000903994    -0.00936681    0.000447294     0.00273467   -0.000740966    -0.00936703   -9.58686e-05     0.00240578    0.000987814    -0.00936696   -2.96104e-05     0.00351092   -0.000405371    -0.00936688    -0.00046156     0.00283748   -0.000150531    -0.00936697      -0.000497     0.00234935   -0.000264505    -0.00936679   -0.000173215     0.00244635    0.000712477    -0.00936688    -9.3325e-05     0.00297922   -0.000163529     0.00765336     0.00767168      0.0176642     0.00633139     0.00592402     0.00332649
     -0.0103424   -0.000159526     0.00235501   -0.000343795     -0.0103421   -0.000208499     0.00243926    3.12833e-05     -0.0103423   -0.000222332     0.00312802   -0.000469165     -0.0103423   -0.000400112     0.00270717   -0.000480364     -0.0103423   -0.000222251     0.00293029   -6.02008e-05     -0.0103424   -0.000230561     0.00302172   -0.000483406     -0.0103421   -0.000192682     0.00281867   -0.000303503     -0.0103423    7.41233e-05      0.0028242   -0.000789043     0.00537741     0.00623083     0.00633139      0.0111424      0.0089162     0.00932392
    -0.00996654    -0.00107451     0.00162022   -0.000558574    -0.00996641   -0.000749026     0.00223212   -0.000192959    -0.00996667   -0.000682064      0.0023384    -0.00064641    -0.00996658   -0.000151227      0.0021665   -0.000463932    -0.00996635   -0.000283204     0.00238905   -0.000604429    -0.00996666   -0.000364564      0.0027031    0.000423113    -0.00996651   -0.000459043     0.00273887   -3.08812e-05    -0.00996658   -0.000203849     0.00227571    0.000382367     0.00582847     0.00283871     0.00592402      0.0089162       0.017772      0.0090166
     -0.0104302    3.88856e-05      0.0018706     0.00042572       -0.01043    0.000243753     0.00314252   -0.000898545     -0.0104301   -0.000313827     0.00268136    0.000575458     -0.0104301   -0.000259245     0.00386419   -0.000416889       -0.01043   -0.000701325     0.00304407   -0.000453333       -0.01043   -0.000735809     0.00251683   -0.000790503       -0.01043   -0.000391515      0.0026911      0.0003428       -0.01043   -0.000299762     0.00321552   -0.000407448     0.00615063     0.00603137     0.00332649     0.00932392      0.0090166      0.0186379
